1403638559.127830 0.000000000 0.000000000 0.000000000 -0.013563495 -0.819002412 0.000000000 0.573629741
1403638559.177830 -0.000015346 -0.000036220 -0.000605848 -0.011938275 -0.817638143 -0.001483782 0.575606761
1403638559.227830 0.000260025 -0.000119019 -0.003102618 -0.009468976 -0.817093535 -0.003946395 0.576413844
1403638559.277829 0.000383882 0.000599716 -0.007368793 -0.008145835 -0.816524216 -0.006019655 0.577222327
1403638559.327830 0.001199100 0.000289433 -0.013694711 -0.006201425 -0.816176337 -0.008093363 0.577712927
1403638559.377830 0.009952381 0.034079896 0.007457482 -0.005146705 -0.815343920 -0.015885462 0.578736084
1403638559.427830 -0.035481209 0.065535786 0.010183818 -0.001923236 -0.814179371 -0.017350475 0.580350940
1403638559.477829 -0.039147053 0.073740089 0.005296096 -0.001017172 -0.813589010 -0.019075876 0.581126492
1403638559.527830 -0.132355906 0.246752638 0.005108115 0.001513294 -0.812594708 -0.018990382 0.582517739
1403638559.577829 -0.180648148 0.302656061 -0.007666147 0.002330789 -0.811278411 -0.019978415 0.584313931
1403638559.627830 -0.201459176 0.333380649 -0.007244260 0.003609719 -0.810969133 -0.020982848 0.584701425
1403638559.677830 -0.222138903 0.366727862 -0.011844433 0.004371501 -0.811262417 -0.020842475 0.584294251
1403638559.727830 -0.251002995 0.400899096 -0.016342810 0.005655893 -0.810902816 -0.021229767 0.584768272
1403638559.777829 -0.273860628 0.444956883 -0.019106780 0.006274037 -0.810546296 -0.020913877 0.585267416
1403638559.827830 -0.290175400 0.471106041 -0.024262955 0.005827898 -0.810954868 -0.019633708 0.584750165
1403638559.877830 -0.361308618 0.552695505 -0.010106141 0.004498578 -0.811236661 -0.018533072 0.584406851
1403638559.927830 -0.381510377 0.606056960 -0.016500689 0.001375273 -0.810980867 -0.017474719 0.584810034
1403638559.977829 -0.429424970 0.668979140 -0.005849259 -0.002171998 -0.812083883 -0.017318505 0.583279624
1403638560.027830 -0.463851568 0.736175959 0.015853380 -0.008763387 -0.814421446 -0.017776227 0.579935269
1403638560.077829 -0.495611198 0.793506609 0.014428719 -0.017074677 -0.814361918 -0.020138646 0.579756464
1403638560.127830 -0.530489170 0.845871479 0.011234037 -0.026793042 -0.813751255 -0.024447108 0.580080484
1403638560.177830 -0.572020977 0.893717707 0.011423577 -0.037280966 -0.813415983 -0.031131419 0.579651105
1403638560.227830 -0.617046144 0.951106062 -0.001777046 -0.047572201 -0.812692734 -0.037948268 0.579506113
1403638560.277829 -0.648428369 0.988876914 -0.014139334 -0.060096641 -0.810650772 -0.045968529 0.580620886
1403638560.327830 -0.684966869 1.034202141 -0.037619058 -0.072787369 -0.807058112 -0.054519514 0.583426795
1403638560.377830 -0.709671103 1.076379751 -0.048613915 -0.085148489 -0.803467183 -0.062522942 0.585901957
1403638560.427830 -0.733352458 1.114507819 -0.061049627 -0.097781052 -0.800261584 -0.070923088 0.587358645
1403638560.477829 -0.769199700 1.162223387 -0.069818309 -0.110378966 -0.797091043 -0.079123849 0.588389131
1403638560.527830 -0.787087343 1.197948296 -0.096321575 -0.124403444 -0.792727292 -0.087030939 0.590366700
1403638560.577829 -0.841932814 1.227116470 -0.104572568 -0.137298402 -0.789902115 -0.093790282 0.590260265
1403638560.627830 -0.864783652 1.265704245 -0.121081466 -0.151611091 -0.786869794 -0.099640908 0.589848874
1403638560.677830 -0.888872441 1.311114479 -0.138533200 -0.166034710 -0.783743706 -0.103714063 0.589424865
1403638560.727830 -0.908251032 1.348109731 -0.155080538 -0.179868653 -0.780619638 -0.106486325 0.589016903
1403638560.777829 -0.927487868 1.391898219 -0.167607088 -0.191856856 -0.777665488 -0.111230467 0.588264498
1403638560.827830 -0.941972238 1.435248461 -0.168197158 -0.202871860 -0.774748208 -0.117542901 0.587189824
1403638560.877830 -0.964285682 1.475908890 -0.188955121 -0.214618646 -0.770749594 -0.122847006 0.587190355
1403638560.927830 -0.975214018 1.515218108 -0.198424693 -0.225141170 -0.767209243 -0.129191060 0.586524595
1403638560.977829 -0.983888096 1.555019154 -0.205430104 -0.234259904 -0.763144453 -0.136806744 0.586529416
1403638561.027830 -0.992060769 1.597955793 -0.209667850 -0.242871664 -0.758620438 -0.144725806 0.586994741
1403638561.077829 -0.998946101 1.640476565 -0.211968665 -0.251925070 -0.754953205 -0.150924109 0.586345743
1403638561.127830 -1.012795857 1.683408148 -0.197967881 -0.259112248 -0.750844607 -0.158373006 0.586524688
1403638561.177830 -1.018691602 1.724474310 -0.192890896 -0.266548188 -0.747238903 -0.164130054 0.586214475
1403638561.227830 -1.019901505 1.767208205 -0.198692077 -0.272724913 -0.743542300 -0.169097517 0.586661743
1403638561.277829 -1.018515643 1.809527109 -0.193455299 -0.277780811 -0.740489407 -0.172328580 0.587210456
1403638561.327830 -1.011002709 1.851808581 -0.188930685 -0.281557025 -0.740076424 -0.175319807 0.585043155
1403638561.377830 -1.003316643 1.890540654 -0.185595715 -0.283764448 -0.742424472 -0.178428197 0.580040532
1403638561.427830 -0.992128580 1.930594032 -0.184072620 -0.284294240 -0.745970762 -0.182379955 0.573970346
1403638561.477829 -0.978841198 1.972202817 -0.183895922 -0.283147826 -0.749635757 -0.186506961 0.568408915
1403638561.527830 -0.964654762 2.012081406 -0.185233755 -0.281764897 -0.752710997 -0.190114450 0.563818404
1403638561.577829 -0.944571774 2.054183142 -0.177130642 -0.281058804 -0.755348132 -0.191938653 0.560013126
1403638561.627830 -0.928652576 2.094107315 -0.180920729 -0.280220320 -0.757359231 -0.193279196 0.557249244
1403638561.677830 -0.914858330 2.131292026 -0.185142182 -0.279148137 -0.758636254 -0.193513778 0.555967418
1403638561.727830 -0.898000926 2.170475479 -0.191392045 -0.278111065 -0.759708532 -0.193486962 0.555031511
1403638561.777829 -0.884301025 2.205438012 -0.198444700 -0.276783272 -0.760420143 -0.193811811 0.554607256
1403638561.827830 -0.866628732 2.244272539 -0.207301243 -0.275838472 -0.760718511 -0.194735771 0.554345077
1403638561.877830 -0.852105474 2.277688382 -0.216335413 -0.275377920 -0.760611519 -0.196592085 0.554065584
1403638561.927830 -0.833516789 2.316100992 -0.228097914 -0.276442463 -0.760436353 -0.199139713 0.552864805
1403638561.977829 -0.766089427 2.355046199 -0.238777560 -0.280333296 -0.758909026 -0.201480367 0.552155771
1403638562.027830 -0.739204274 2.393310322 -0.250853063 -0.284156452 -0.757161884 -0.204449918 0.551508135
1403638562.077829 -0.721552774 2.421519855 -0.258561422 -0.288127537 -0.755782319 -0.208469741 0.549832680
1403638562.127830 -0.691402876 2.455608930 -0.264835204 -0.292991069 -0.753644636 -0.211635950 0.548986540
1403638562.177830 -0.678996023 2.479887516 -0.271081126 -0.296478197 -0.752294933 -0.215891799 0.547305896
1403638562.227830 -0.658358720 2.512114795 -0.276211242 -0.299982999 -0.750767975 -0.219042127 0.546240052
1403638562.277829 -0.641604508 2.539294184 -0.276766753 -0.303688228 -0.749126652 -0.222660123 0.544981825
1403638562.327830 -0.618311860 2.572645031 -0.278863768 -0.308400826 -0.746750949 -0.225432338 0.544455886
1403638562.377830 -0.615753659 2.598691300 -0.266080075 -0.313947693 -0.743653589 -0.228921518 0.544069044
1403638562.427830 -0.627426567 2.614421753 -0.219976759 -0.320566674 -0.741338804 -0.233127653 0.541576664
1403638562.477829 -0.611303633 2.648974545 -0.218400796 -0.328202994 -0.738291003 -0.236423313 0.539734384
1403638562.527830 -0.551794906 2.690203760 -0.214393648 -0.336939799 -0.734539056 -0.239879843 0.537942012
1403638562.577829 -0.538646881 2.714443053 -0.212706745 -0.346193876 -0.729706059 -0.244841199 0.536406241
1403638562.627830 -0.529790992 2.741387201 -0.200002956 -0.356604679 -0.724539954 -0.248593763 0.534860822
1403638562.677830 -0.508928606 2.770016852 -0.190101492 -0.367518364 -0.719773533 -0.252363149 0.532136406
1403638562.727830 -0.587923055 2.787301567 -0.208899338 -0.377753746 -0.713468635 -0.257674425 0.530912897
1403638562.777829 -0.613105469 2.798674801 -0.223314310 -0.389204330 -0.707018272 -0.261878034 0.529211723
1403638562.827830 -0.591218610 2.828832016 -0.216871897 -0.399629621 -0.700971300 -0.268181557 0.526321248
1403638562.877830 -0.569587670 2.852006295 -0.213088319 -0.409996815 -0.694995991 -0.273919715 0.523307915
1403638562.927830 -0.561873603 2.852565787 -0.218150893 -0.419669170 -0.688934920 -0.281555630 0.519589156
1403638562.977829 -0.544259282 2.862893961 -0.219674076 -0.428916291 -0.682908937 -0.288448846 0.516200991
1403638563.027830 -0.524235292 2.881151377 -0.220348896 -0.438799050 -0.676366356 -0.293215269 0.513817820
1403638563.077829 -0.497131470 2.901535025 -0.223308863 -0.449147104 -0.669667349 -0.296285367 0.511886220
1403638563.127830 -0.469934379 2.928702840 -0.225945739 -0.458921830 -0.663734687 -0.298810260 0.509469771
1403638563.177830 -0.424696859 2.950189050 -0.227378461 -0.465053136 -0.659353634 -0.306140623 0.505228943
1403638563.227830 -0.395703346 2.954046338 -0.273832293 -0.471864820 -0.652364155 -0.311896813 0.504465043
1403638563.277829 -0.362318721 2.969374284 -0.283673405 -0.475840453 -0.648135964 -0.318041309 0.502339886
1403638563.327830 -0.324189634 2.990526022 -0.291497625 -0.478443703 -0.642463190 -0.322904909 0.504048701
1403638563.377830 -0.285546924 3.011415304 -0.301205561 -0.479090952 -0.636544260 -0.328479194 0.507330942
1403638563.427830 -0.247530739 3.034799689 -0.311950978 -0.480251401 -0.631197180 -0.331424576 0.510985776
1403638563.477829 -0.206436949 3.054168648 -0.324112273 -0.481114905 -0.628411294 -0.332942105 0.512618034
1403638563.527830 -0.163910221 3.074089009 -0.336118293 -0.480796665 -0.628565804 -0.335782201 0.510871716
1403638563.577829 -0.120229493 3.089352528 -0.346850028 -0.480823773 -0.629609233 -0.336972882 0.508773025
1403638563.627830 -0.071144231 3.106417847 -0.354690502 -0.481381723 -0.631504219 -0.336678348 0.506084725
1403638563.677830 -0.023483303 3.122542839 -0.362409242 -0.482662711 -0.632906178 -0.334216089 0.504743582
1403638563.727830 0.026023300 3.137852979 -0.368735615 -0.483102527 -0.634063957 -0.332426289 0.504051197
1403638563.777829 0.076347670 3.147068365 -0.375169523 -0.483777841 -0.634986202 -0.330147708 0.503740026
1403638563.827830 0.132588685 3.142902007 -0.374813533 -0.484915048 -0.634939608 -0.328764500 0.503609961
1403638563.877830 0.192735061 3.123956727 -0.377545959 -0.484132615 -0.634258508 -0.328898449 0.505131237
1403638563.927830 0.247780543 3.129756142 -0.378806331 -0.483334901 -0.634670577 -0.327579657 0.506233345
1403638563.977829 0.303602529 3.138574170 -0.374510578 -0.482083086 -0.634420773 -0.327024117 0.508095865
1403638564.027830 0.364677112 3.145605223 -0.371715117 -0.481331876 -0.635690785 -0.324644159 0.508746519
1403638564.077829 0.431092012 3.150520137 -0.371402948 -0.480497836 -0.636362429 -0.322801621 0.509866454
1403638564.127830 0.495599513 3.157424089 -0.374811096 -0.478462934 -0.637415778 -0.322095893 0.510909564
1403638564.177830 0.559013244 3.160299192 -0.378112689 -0.476035014 -0.639190412 -0.321875553 0.511099219
1403638564.227830 0.626431897 3.167400124 -0.381964837 -0.473098742 -0.640192926 -0.322821354 0.511973604
1403638564.277829 0.692856797 3.167736812 -0.379480727 -0.470234746 -0.641155825 -0.324015499 0.512652365
1403638564.327830 0.769284387 3.166792575 -0.374565001 -0.466688996 -0.642921811 -0.325471742 0.512758296
1403638564.377830 0.840485787 3.127139840 -0.393226805 -0.465046447 -0.642145258 -0.326115451 0.514810627
1403638564.427830 0.905495081 3.116465750 -0.388482741 -0.462588546 -0.642684056 -0.328425919 0.514883926
1403638564.477829 0.977923346 3.096344851 -0.378130631 -0.460630706 -0.643261342 -0.328847703 0.515648510
1403638564.527830 1.056006332 3.090301679 -0.372415761 -0.460326204 -0.644045971 -0.328015371 0.515471134
1403638564.577829 1.145650659 3.090154279 -0.384056971 -0.461191657 -0.645144534 -0.324345318 0.515646100
1403638564.627830 1.231394954 3.044520959 -0.359598105 -0.463639305 -0.643654299 -0.322668295 0.516365093
1403638564.677830 1.302098722 3.007650408 -0.342439835 -0.466777210 -0.642778684 -0.320349550 0.516072442
1403638564.727830 1.387135804 2.992307648 -0.337798703 -0.467906755 -0.642479458 -0.318500476 0.516566415
1403638564.777829 1.471602777 2.980653348 -0.336790050 -0.469518810 -0.641792992 -0.316661179 0.517087555
1403638564.827830 1.558475952 2.971224187 -0.338838310 -0.470353179 -0.641278662 -0.315863681 0.517455022
1403638564.877830 1.655317711 2.941806786 -0.334425980 -0.470713513 -0.639982355 -0.314685781 0.519446083
1403638564.927830 1.744626709 2.929295260 -0.342726632 -0.471436268 -0.639165763 -0.314140456 0.520125702
1403638564.977829 1.828972198 2.900822472 -0.352987009 -0.472160300 -0.638799025 -0.313802880 0.520123264
1403638565.027830 1.894552453 2.837513257 -0.369882304 -0.474775125 -0.636857599 -0.315738109 0.518951276
1403638565.077829 1.984540948 2.821243667 -0.391254679 -0.475280968 -0.636806516 -0.314963951 0.519021360
1403638565.127830 2.081530630 2.807994424 -0.417440695 -0.475619661 -0.637043124 -0.314700609 0.518580295
1403638565.177830 2.174300459 2.793745202 -0.446043113 -0.475850682 -0.637576896 -0.314119062 0.518064710
1403638565.227830 2.302112671 2.754944300 -0.466789509 -0.475962977 -0.637604186 -0.313856889 0.518086865
1403638565.277829 2.400970703 2.728027705 -0.493097764 -0.475789595 -0.638034738 -0.315130416 0.516941733
1403638565.327830 2.503642126 2.713618582 -0.524217992 -0.475609264 -0.638604883 -0.315958751 0.515896985
1403638565.377830 2.587722613 2.670118931 -0.557073064 -0.474987043 -0.639293428 -0.317957102 0.514387503
1403638565.427830 2.679588619 2.637317905 -0.585209814 -0.475651771 -0.638940213 -0.319339652 0.513354637
1403638565.477829 2.756698838 2.604997758 -0.592153405 -0.475973230 -0.638277986 -0.323749642 0.511113359
1403638565.527830 2.861444469 2.592919293 -0.622432175 -0.474170241 -0.637928723 -0.327417443 0.510888779
1403638565.577829 2.971687701 2.577364274 -0.651269197 -0.472685070 -0.637726183 -0.330916503 0.510263078
1403638565.627830 3.080053719 2.558462340 -0.667513234 -0.469831374 -0.638912744 -0.335720204 0.508272496
1403638565.677830 3.164308630 2.551646817 -0.698088497 -0.469163117 -0.639823645 -0.342584271 0.503137844
1403638565.727830 3.246133682 2.526249808 -0.710413748 -0.469161873 -0.640863098 -0.347391502 0.498498517
1403638565.777829 3.317611640 2.512647507 -0.731328071 -0.470341593 -0.641878104 -0.350580207 0.493826694
1403638565.827830 3.419039280 2.495539340 -0.749917357 -0.470311024 -0.643617938 -0.351794193 0.490718184
1403638565.877830 3.520547456 2.460847805 -0.771278902 -0.469161327 -0.645214261 -0.355135125 0.487304064
1403638565.927830 3.629463316 2.436639101 -0.782542529 -0.470368719 -0.646142122 -0.355124435 0.484912633
1403638565.977829 3.732370710 2.409338708 -0.795894535 -0.470686318 -0.646485537 -0.355711336 0.483715086
1403638566.027830 3.832351752 2.381162548 -0.810710975 -0.472074753 -0.646534467 -0.354963215 0.482845449
1403638566.077829 3.934036990 2.346373411 -0.826656040 -0.471777473 -0.646817973 -0.356565602 0.481573978
1403638566.127830 4.033959674 2.310253529 -0.847289289 -0.472455300 -0.646236025 -0.355682867 0.482342915
1403638566.177830 4.142920183 2.263099133 -0.879038307 -0.472797747 -0.645579138 -0.355876346 0.482744128
1403638566.227830 4.244614367 2.234190189 -0.904691593 -0.471904670 -0.645559346 -0.356901340 0.482887717
1403638566.277829 4.346894211 2.191028704 -0.930365799 -0.471835177 -0.645456296 -0.356817469 0.483155285
1403638566.327830 4.443854533 2.158374449 -0.957710097 -0.472386554 -0.646105785 -0.356032828 0.482326532
1403638566.377830 4.614137796 2.206727460 -1.001946535 -0.469022921 -0.648857652 -0.352086688 0.484805333
1403638566.427830 4.712472389 2.173968017 -1.032388831 -0.468947397 -0.648779426 -0.351427039 0.485461257
1403638566.477829 4.814628882 2.138004756 -1.065804261 -0.469605305 -0.648660042 -0.349267147 0.486542358
1403638566.527830 4.911825827 2.104477629 -1.098725186 -0.468449122 -0.649423363 -0.349580316 0.486413732
1403638566.577829 5.008935934 2.070166774 -1.134556177 -0.469986246 -0.652513062 -0.346308577 0.483125244
1403638566.627830 5.101552658 2.032258242 -1.172000160 -0.472251234 -0.655432406 -0.343141820 0.479208541
1403638566.677830 5.205274057 1.999346962 -1.209405007 -0.474537948 -0.661025376 -0.338592833 0.472455375
1403638566.727830 5.311006103 1.977724058 -1.245496311 -0.477726786 -0.666510181 -0.331969351 0.466194858
1403638566.777829 5.410321028 1.946673950 -1.287373965 -0.478814140 -0.672127236 -0.328509975 0.459416145
1403638566.827830 5.506786122 1.919731526 -1.328374124 -0.479992746 -0.676441796 -0.324372165 0.454770446
1403638566.877830 5.604316382 1.895444213 -1.371389298 -0.481457995 -0.679973061 -0.320147966 0.450932494
1403638566.927830 5.703476071 1.872809215 -1.412947795 -0.480838230 -0.683093227 -0.318739389 0.447865428
1403638566.977829 5.800189572 1.846368791 -1.459377264 -0.481032851 -0.684467331 -0.317011496 0.446783595
1403638567.027830 5.887261004 1.822838187 -1.501693719 -0.479430568 -0.683399235 -0.318298744 0.449219017
1403638567.077829 5.973285494 1.796275509 -1.546234210 -0.474686464 -0.678430599 -0.323932208 0.457681776
1403638567.127830 6.056859968 1.775131466 -1.588629988 -0.469773715 -0.674328798 -0.330406844 0.464138607
1403638567.177830 6.153053944 1.756485747 -1.636365739 -0.465555047 -0.669242384 -0.335589309 0.471967103
1403638567.227830 6.234860978 1.737185378 -1.681422419 -0.461852703 -0.665889398 -0.340759011 0.476620065
1403638567.277829 6.320079042 1.719465161 -1.730957104 -0.459184422 -0.663186788 -0.344495225 0.480266582
1403638567.327830 6.399762249 1.699543040 -1.779394960 -0.457648622 -0.662085032 -0.347401863 0.481158078
1403638567.377830 6.477954587 1.679012753 -1.827718164 -0.457516149 -0.662039558 -0.348298810 0.480697967
1403638567.427830 6.562773855 1.665566704 -1.870458683 -0.457622009 -0.661530800 -0.349538351 0.480397792
1403638567.477829 6.646994476 1.666208833 -1.930248979 -0.458539114 -0.662989929 -0.347746073 0.478809882
1403638567.527830 6.726019341 1.646555535 -1.975530113 -0.459733779 -0.663863881 -0.347622036 0.476538057
1403638567.577829 6.856542441 1.659461412 -2.047934441 -0.461682278 -0.665455411 -0.344166695 0.474939844
1403638567.627830 6.915472328 1.638697340 -2.091238934 -0.463198022 -0.666648067 -0.344625470 0.471445897
1403638567.677830 6.997837626 1.662719611 -2.154909116 -0.464075610 -0.668543952 -0.342676210 0.469314210
1403638567.727830 7.075859088 1.642682252 -2.192859135 -0.465174814 -0.669651846 -0.342264857 0.466940644
1403638567.777829 7.161995809 1.617402713 -2.233162938 -0.466696134 -0.671394401 -0.341999255 0.463099111
1403638567.827830 7.232464308 1.598356271 -2.267303777 -0.468100101 -0.673203344 -0.340997733 0.459782665
1403638567.877830 7.299070121 1.580523896 -2.299349850 -0.470607749 -0.672969701 -0.338308759 0.459551207
1403638567.927830 7.398811220 1.574019206 -2.330334243 -0.470268810 -0.673520029 -0.337428847 0.459738828
1403638567.977829 7.445980678 1.532575095 -2.348200495 -0.470912905 -0.673689039 -0.338647231 0.457932492
1403638568.027830 7.511849178 1.511340376 -2.377959726 -0.470827041 -0.673811795 -0.339067499 0.457529009
1403638568.077829 7.597224376 1.493143556 -2.407768872 -0.469191417 -0.674441546 -0.341049835 0.456807426
1403638568.127830 7.635727886 1.472434366 -2.412545273 -0.468880267 -0.674115579 -0.342216450 0.456735573
1403638568.177830 7.711450110 1.443917994 -2.458777988 -0.465412912 -0.675107724 -0.344099264 0.457401441
1403638568.227830 7.768524772 1.426257115 -2.478077678 -0.465401431 -0.674493745 -0.344789802 0.457798742
1403638568.277829 7.832163523 1.414268679 -2.491602094 -0.465403860 -0.674942318 -0.344957107 0.457008434
1403638568.327830 7.910338165 1.412643307 -2.494171027 -0.464832943 -0.675368989 -0.344760092 0.457107802
1403638568.377830 7.962477143 1.392351699 -2.510980373 -0.465632626 -0.675526176 -0.344229517 0.456461043
1403638568.427830 8.013658316 1.378489441 -2.528716363 -0.465956015 -0.676158839 -0.343867690 0.455465945
1403638568.477829 8.061407908 1.364537278 -2.545882434 -0.466025794 -0.676397830 -0.343959012 0.454970476
1403638568.527830 8.109427952 1.350433870 -2.567773410 -0.466039233 -0.677119884 -0.343939705 0.453895996
1403638568.577829 8.154355891 1.337654212 -2.586277026 -0.466213382 -0.677933329 -0.343751196 0.452644010
1403638568.627830 8.202721378 1.329697303 -2.599891550 -0.466793918 -0.678757248 -0.342861920 0.451483932
1403638568.677830 8.255056810 1.323825778 -2.618970897 -0.466153050 -0.680282767 -0.342984231 0.449753830
1403638568.727830 8.323319806 1.318724348 -2.613414360 -0.465678943 -0.681212538 -0.342259962 0.449389272
1403638568.777829 8.363271608 1.309309762 -2.632225721 -0.466325982 -0.681978339 -0.341039530 0.448483737
1403638568.827830 8.401171053 1.299873315 -2.648910190 -0.466376689 -0.680746380 -0.340827154 0.450459766
1403638568.877830 8.441217244 1.290178859 -2.665884902 -0.467130680 -0.680663950 -0.340113836 0.450342196
1403638568.927830 8.475320207 1.282644763 -2.679034194 -0.465637127 -0.681246748 -0.341768515 0.449754618
1403638568.977829 8.512097449 1.274465251 -2.691595909 -0.465389108 -0.681095663 -0.342055306 0.450022048
1403638569.027830 8.548245953 1.276193405 -2.657521266 -0.462321356 -0.681082322 -0.341224502 0.453818988
1403638569.077829 8.580069808 1.267093426 -2.664077605 -0.461559282 -0.682087865 -0.342138597 0.452394026
1403638569.127830 8.608809337 1.238829547 -2.667640431 -0.462096496 -0.681570516 -0.342726310 0.452180425
1403638569.177830 8.633723971 1.231467469 -2.668448372 -0.462529545 -0.682632813 -0.342389094 0.450387134
1403638569.227830 8.658723713 1.223488675 -2.670230800 -0.462178447 -0.683508796 -0.343072028 0.448896862
1403638569.277829 8.682043833 1.216455497 -2.672319251 -0.462529664 -0.684202535 -0.343017559 0.447517771
1403638569.327830 8.704712812 1.208964910 -2.680229612 -0.462440103 -0.684191867 -0.343316540 0.447397354
1403638569.377830 8.870030313 1.181338491 -2.742689051 -0.462139234 -0.683279219 -0.342945787 0.449382938
1403638569.427830 8.889862136 1.175016931 -2.750497459 -0.461463487 -0.682779091 -0.344036234 0.450003592
1403638569.477829 8.904096095 1.171745124 -2.755413089 -0.460963149 -0.682406408 -0.344508917 0.450719508
1403638569.527830 8.923735663 1.166908621 -2.765086166 -0.460430554 -0.682098253 -0.345183165 0.451214208
1403638569.577829 8.917275110 1.161267661 -2.770156174 -0.460008121 -0.681689797 -0.346341572 0.451374641
1403638569.627830 8.932618650 1.156815476 -2.778007366 -0.460241646 -0.680647693 -0.346042098 0.452936211
1403638569.677830 8.945832038 1.158135988 -2.781918745 -0.460142062 -0.680511827 -0.346224335 0.453102248
1403638569.727830 8.957977172 1.153473026 -2.786643097 -0.459357372 -0.680399658 -0.347290309 0.453251091
1403638569.777829 8.962502761 1.151370042 -2.786116514 -0.459062891 -0.680358988 -0.347564963 0.453399941
1403638569.827830 8.970990353 1.147079548 -2.787538716 -0.458431584 -0.680198781 -0.347913485 0.454011352
1403638569.877830 8.976312526 1.143914640 -2.787616299 -0.457254594 -0.679911020 -0.349606542 0.454328633
1403638569.927830 8.981891981 1.139596086 -2.787021741 -0.456930513 -0.679147323 -0.350062018 0.455444841
1403638569.977829 8.981667937 1.138711130 -2.782052838 -0.457090427 -0.678331510 -0.349625869 0.456833073
1403638570.027830 8.984340382 1.134480804 -2.782347155 -0.457224829 -0.677664788 -0.349230361 0.457989133
1403638570.077829 8.978186958 1.133752167 -2.779191696 -0.457996920 -0.677192704 -0.348150298 0.458737651
1403638570.127830 8.977925783 1.129607402 -2.782742998 -0.459154378 -0.676703239 -0.346156352 0.459810573
1403638570.177830 8.973404780 1.129289562 -2.783942044 -0.460419702 -0.676062752 -0.343824229 0.461235029
1403638570.227830 8.971130092 1.125361823 -2.790266042 -0.461652981 -0.674642527 -0.341488886 0.463809580
1403638570.277829 8.967036600 1.122198020 -2.798083422 -0.463925882 -0.673257853 -0.337838543 0.466220719
1403638570.327830 8.963499312 1.118742576 -2.806851654 -0.466735757 -0.671193379 -0.334326651 0.468916700
1403638570.377830 8.956639896 1.117718340 -2.814237170 -0.469905136 -0.669248015 -0.332740269 0.469659634
1403638570.427830 8.937765614 1.140866532 -2.814909649 -0.475260681 -0.665847336 -0.330796547 0.470476625
1403638570.477829 8.977262693 1.178707516 -2.852525107 -0.483531371 -0.660600633 -0.326463921 0.472467486
1403638570.527830 8.960715049 1.178994187 -2.858437111 -0.493861447 -0.652740680 -0.323526899 0.474721836
1403638570.577829 8.890420175 1.203794256 -2.863614057 -0.505065743 -0.643129393 -0.321992241 0.477089275
1403638570.627830 8.852347229 1.198784361 -2.869810230 -0.517463136 -0.632617333 -0.322075130 0.477802076
1403638570.677830 8.848918515 1.200461095 -2.874530383 -0.527618540 -0.622331970 -0.324294189 0.478701237
1403638570.727830 8.848747898 1.200836581 -2.892690163 -0.536042794 -0.611123667 -0.329585392 0.480166072
1403638570.777829 8.859456478 1.208941462 -2.905922522 -0.544271987 -0.598294230 -0.335627517 0.482872848
1403638570.827830 8.863490534 1.209488407 -2.924800307 -0.551653049 -0.586122099 -0.343400586 0.483958507
1403638570.877830 8.883706367 1.231483554 -2.942962062 -0.557990844 -0.575594352 -0.350864235 0.483974843
1403638570.927830 8.901982400 1.234562268 -2.962080748 -0.564755649 -0.566149169 -0.358236919 0.481863554
1403638570.977829 8.910296617 1.214428957 -2.978844956 -0.572364902 -0.556436867 -0.365962375 0.478380572
1403638571.027830 8.934500877 1.217061169 -2.999982659 -0.579591542 -0.548458941 -0.371931861 0.474271152
1403638571.077829 8.958872922 1.216633882 -3.022466483 -0.586922398 -0.543981337 -0.377908919 0.465608476
1403638571.127830 8.983288061 1.214377990 -3.047041705 -0.593996679 -0.540668142 -0.383854146 0.455523765
1403638571.177830 9.019750444 1.216645135 -3.071693972 -0.598812415 -0.539365044 -0.390124382 0.445322363
1403638571.227830 9.056213020 1.215242580 -3.089710141 -0.602387176 -0.537987241 -0.396572976 0.436382048
1403638571.277829 9.089212362 1.209942198 -3.105546870 -0.605296719 -0.536418695 -0.403141169 0.428191619
1403638571.327830 9.129553043 1.207460176 -3.118507132 -0.607136236 -0.535389391 -0.408703020 0.421551459
1403638571.377830 9.172974886 1.211533729 -3.133775701 -0.609244312 -0.533220833 -0.411365177 0.418659291
1403638571.427830 9.216350661 1.207841861 -3.142388745 -0.610726471 -0.530617443 -0.414378635 0.416831684
1403638571.477829 9.267727051 1.206676125 -3.146648517 -0.611487797 -0.528494413 -0.416435396 0.416362691
1403638571.527830 9.313906351 1.201643670 -3.152501675 -0.611695481 -0.526482414 -0.419966510 0.415057872
1403638571.577829 9.358095297 1.195065389 -3.157759093 -0.613814399 -0.524266072 -0.422274562 0.412384728
1403638571.627830 9.406569371 1.188654004 -3.165595590 -0.616922632 -0.521744832 -0.423987400 0.409174145
1403638571.677830 9.449639153 1.186552761 -3.172857188 -0.621520706 -0.518956589 -0.424774269 0.404923315
1403638571.727830 9.482250808 1.167449357 -3.180980224 -0.627148775 -0.514975435 -0.426719276 0.399243505
1403638571.777829 9.529109926 1.159271130 -3.191885593 -0.632885742 -0.510714169 -0.428377261 0.393852254
1403638571.827830 9.581289243 1.151161272 -3.205237716 -0.639329193 -0.505342229 -0.429744317 0.388853746
1403638571.877830 9.633482878 1.142084568 -3.219582277 -0.646091360 -0.498552167 -0.431190631 0.384819869
1403638571.927830 9.669153489 1.116199590 -3.215190627 -0.652329018 -0.490808632 -0.434565816 0.380429087
1403638571.977829 9.700391075 1.092609315 -3.221438676 -0.659472662 -0.481994762 -0.437342077 0.376176508
1403638572.027830 9.746647856 1.077930651 -3.225445279 -0.665475374 -0.474081990 -0.440807275 0.371588132
1403638572.077829 9.802368713 1.067882609 -3.231117520 -0.671648640 -0.465640612 -0.443276921 0.368201706
1403638572.127830 9.859265873 1.057147367 -3.234740210 -0.676510374 -0.458159611 -0.448018489 0.362908967
1403638572.177830 9.916726286 1.045531135 -3.236323445 -0.680657420 -0.451769344 -0.453953382 0.355719360
1403638572.227830 9.975886937 1.000462980 -3.240392227 -0.685895829 -0.444859256 -0.458488282 0.348476181
1403638572.277829 10.032357294 0.973924182 -3.243301313 -0.692443037 -0.437956762 -0.461127336 0.340702355
1403638572.327830 10.098772337 0.942993280 -3.245049308 -0.698426511 -0.431154330 -0.464186005 0.332922971
1403638572.377830 10.157860891 0.934906861 -3.240026718 -0.705167518 -0.423569502 -0.466497345 0.325127476
1403638572.427830 10.219609152 0.913774991 -3.244508661 -0.710293657 -0.417430280 -0.469629717 0.317305547
1403638572.477829 10.284120416 0.899804546 -3.248254631 -0.713901906 -0.412994455 -0.473093582 0.309777519
1403638572.527830 10.350055887 0.886247975 -3.252261415 -0.717198961 -0.408763607 -0.475758555 0.303630962
1403638572.577829 10.419282801 0.856872849 -3.252046968 -0.718669338 -0.405108522 -0.479460544 0.299197352
1403638572.627830 10.487065064 0.842778988 -3.256463564 -0.720611518 -0.402540895 -0.480802732 0.295818528
1403638572.677830 10.555744651 0.829211740 -3.259412300 -0.722094177 -0.400838179 -0.482133571 0.292328535
1403638572.727830 10.646575044 0.804582162 -3.265986769 -0.722887628 -0.400632415 -0.483451154 0.288447790
1403638572.777829 10.711828903 0.797705873 -3.262486713 -0.723096991 -0.401845854 -0.484794895 0.283944644
1403638572.827830 10.784626730 0.786618397 -3.258783757 -0.723513025 -0.403076059 -0.485156906 0.280501995
1403638572.877830 10.843481533 0.784587511 -3.243951975 -0.723984461 -0.404341557 -0.485117786 0.277516018
1403638572.927830 10.915757027 0.784828912 -3.234635527 -0.724341588 -0.405184944 -0.484319967 0.276746443
1403638572.977829 10.987848922 0.780488535 -3.226071131 -0.724364082 -0.407064679 -0.483964216 0.274542640
1403638573.027830 11.048933462 0.792802574 -3.205356117 -0.724953030 -0.408317430 -0.482794228 0.273184394
1403638573.077829 11.094877334 0.781866594 -3.172560369 -0.724669805 -0.409888606 -0.482349189 0.272367885
1403638573.127830 11.167939659 0.780789261 -3.167729548 -0.724718293 -0.411183704 -0.481259197 0.272214883
1403638573.177830 11.233571825 0.783673550 -3.162502755 -0.724426427 -0.412060120 -0.480677007 0.272694746
1403638573.227830 11.304374609 0.788834992 -3.158093673 -0.723767646 -0.413126808 -0.480348061 0.273408807
1403638573.277829 11.375137188 0.794292559 -3.151574623 -0.723604704 -0.414485491 -0.479377090 0.273487873
1403638573.327830 11.446801237 0.798939116 -3.144953338 -0.722625697 -0.415107210 -0.479616446 0.274711067
1403638573.377830 11.505714874 0.806288424 -3.136264526 -0.723201083 -0.415778630 -0.478965604 0.273313509
1403638573.427830 11.579593897 0.814404517 -3.130308587 -0.723605461 -0.415936644 -0.479226789 0.271539186
1403638573.477829 11.640836522 0.827090894 -3.116035391 -0.723030244 -0.416012168 -0.480818174 0.270138901
1403638573.527830 11.707636686 0.832655950 -3.105019472 -0.723196868 -0.415935421 -0.481362170 0.268839128
1403638573.577829 11.780095875 0.846773473 -3.090984491 -0.723252024 -0.415748273 -0.481711054 0.268354883
1403638573.627830 11.829259390 0.843323186 -3.068589255 -0.723237495 -0.415391741 -0.482688357 0.267187532
1403638573.677830 11.892219244 0.862674550 -3.052349367 -0.723788103 -0.415816536 -0.483296379 0.263916655
1403638573.727830 11.952978275 0.873621842 -3.031972610 -0.724552570 -0.413789060 -0.485052568 0.261775082
1403638573.777829 12.016246474 0.895731715 -3.013612391 -0.724638587 -0.410723794 -0.488997195 0.259010861
1403638573.827830 12.071770912 0.900024091 -2.990326960 -0.724177672 -0.404961524 -0.495541826 0.256926375
