1403715888.534058 0.000000000 0.000000000 0.000000000 0.036923193 -0.827449541 0.000000000 0.560324847
1403715888.584058 0.000000229 -0.000003463 -0.000008189 0.036927704 -0.827465280 -0.000039541 0.560301305
1403715888.634058 0.000015528 -0.000025479 0.000002355 0.036895736 -0.827455570 -0.000037830 0.560317752
1403715888.684058 0.000036864 -0.000051743 0.000027136 0.036919669 -0.827453319 -0.000066193 0.560319497
1403715888.734058 0.000070730 -0.000074309 0.000033954 0.036905861 -0.827451627 -0.000028848 0.560322908
1403715888.784058 0.000113784 -0.000090002 0.000032773 0.036938642 -0.827456351 -0.000038375 0.560313771
1403715888.834058 0.000134860 -0.000108206 0.000025148 0.036930336 -0.827466340 -0.000043509 0.560299566
1403715888.884058 0.000113019 -0.000116334 -0.000013995 0.036935631 -0.827477050 -0.000041067 0.560283401
1403715888.934058 0.000076634 -0.000105878 -0.000031787 0.036930351 -0.827474584 -0.000028454 0.560287391
1403715888.984058 0.000048164 -0.000064022 -0.000057123 0.036915336 -0.827481048 -0.000024575 0.560278835
1403715889.034058 -0.000001301 -0.000025881 -0.000087265 0.036935450 -0.827483944 -0.000046459 0.560273230
1403715889.084058 -0.000079477 -0.000012968 -0.000120816 0.036929521 -0.827490805 -0.000057223 0.560263486
1403715889.134058 -0.000174971 0.000025633 -0.000158266 0.036925037 -0.827506402 -0.000069545 0.560240744
1403715889.184058 -0.000269894 0.000071443 -0.000182342 0.036916824 -0.827489269 -0.000060299 0.560266592
1403715889.234058 -0.000389952 0.000139533 -0.000236946 0.036917048 -0.827507283 -0.000090747 0.560239967
1403715889.284058 -0.000494805 0.000214348 -0.000296564 0.036916987 -0.827516099 -0.000092974 0.560226948
1403715889.334058 -0.000610504 0.000300731 -0.000367023 0.036934438 -0.827516839 -0.000081266 0.560224707
1403715889.384058 -0.000735931 0.000423655 -0.000399390 0.036944532 -0.827524355 -0.000083985 0.560212938
1403715889.434058 -0.000899935 0.000584206 -0.000426281 0.036917274 -0.827517063 -0.000100403 0.560225505
1403715889.484058 0.000090325 -0.003118117 -0.002492434 0.037279469 -0.827483864 0.000139842 0.560250548
1403715889.534058 -0.000052177 -0.003199210 -0.002636473 0.037275079 -0.827473953 0.000173863 0.560265469
1403715889.584058 -0.000820694 -0.001643008 -0.000936038 0.037409587 -0.827387194 -0.000078702 0.560384643
1403715889.634058 -0.000983530 -0.001686566 -0.000981299 0.037439151 -0.827373023 -0.000058069 0.560403593
1403715889.684058 -0.000337469 -0.001428930 -0.000765027 0.037227965 -0.827336417 -0.000066623 0.560471701
1403715889.734058 -0.000399304 -0.001455302 -0.000814323 0.037404360 -0.827335483 0.000180014 0.560461311
1403715889.784058 0.000332710 -0.000796854 0.001622683 0.036737188 -0.827442741 0.000212617 0.560347075
1403715889.834058 0.000177437 -0.000444538 0.001714188 0.036682753 -0.827302102 0.000106895 0.560558289
1403715889.884058 -0.003424557 0.003795134 -0.000779603 0.037290374 -0.827080758 -0.000153516 0.560844742
1403715889.934058 -0.003711399 0.004058792 -0.000890005 0.037000572 -0.827055564 -0.000399809 0.560900965
1403715889.984058 -0.004774264 0.005199920 -0.002267615 0.037767714 -0.826845199 -0.000387037 0.561159929
1403715890.034058 -0.004953551 0.005303969 -0.002447517 0.037687476 -0.826875695 -0.000274704 0.561120454
1403715890.084058 -0.004892087 0.006092311 -0.003575975 0.038054013 -0.826706911 -0.000229798 0.561344389
1403715890.134058 -0.004933079 0.006157015 -0.003849238 0.037970975 -0.826735669 -0.000082367 0.561307699
1403715890.184058 -0.004562083 0.005510559 -0.004131962 0.038011345 -0.826681069 -0.000028653 0.561385382
1403715890.234058 -0.004570583 0.005507772 -0.004476449 0.038003454 -0.826617534 -0.000130758 0.561479450
1403715890.284058 -0.004597148 0.005396401 -0.004883057 0.038023028 -0.826738702 -0.000086842 0.561299706
1403715890.334058 -0.004584730 0.005213591 -0.005291713 0.038239723 -0.826720314 -0.000105774 0.561312065
1403715890.384058 -0.004489502 0.005259572 -0.006039538 0.038010809 -0.826693173 0.000036597 0.561367593
1403715890.434058 -0.004486198 0.005006029 -0.006594449 0.038247020 -0.826774890 0.000035621 0.561231187
1403715890.484058 -0.003989519 0.005678027 -0.006473245 0.038023805 -0.826793666 0.000276400 0.561218628
1403715890.534058 -0.003939316 0.005530767 -0.007002038 0.037963570 -0.826794640 0.000214161 0.561221297
1403715890.584058 -0.003857029 0.006313892 -0.006627804 0.037939235 -0.826917093 0.000210620 0.561042504
1403715890.634058 -0.003868771 0.006275879 -0.007160260 0.038102487 -0.826875304 0.000014187 0.561093068
1403715890.684058 -0.003641835 0.005796221 -0.007490187 0.038004956 -0.826746371 0.000014338 0.561289642
1403715890.734058 -0.003597629 0.005648869 -0.008049549 0.038270930 -0.826773580 -0.000085170 0.561231482
1403715890.784058 -0.003732508 0.006757930 -0.007331132 0.038191088 -0.826797884 0.000025146 0.561201122
1403715890.834058 -0.003791315 0.006804843 -0.007834466 0.038270552 -0.826685406 0.000019508 0.561361384
1403715890.884058 -0.003518696 0.006845994 -0.007398144 0.038091425 -0.826649621 -0.000045166 0.561426260
1403715890.934058 -0.003584061 0.007018259 -0.008024134 0.038036498 -0.826640181 0.000016015 0.561443885
1403715890.984058 -0.003469444 0.006938025 -0.008307193 0.038067223 -0.826616697 -0.000040819 0.561476376
1403715891.034058 -0.003439586 0.007145371 -0.008978244 0.038033846 -0.826556995 -0.000061938 0.561566521
1403715891.084058 -0.003588447 0.006953927 -0.009058234 0.038140975 -0.826552349 -0.000062462 0.561566093
1403715891.134058 -0.003563143 0.007030524 -0.009801165 0.038177188 -0.826570982 0.000026620 0.561536208
1403715891.184058 -0.003533711 0.007730012 -0.009579568 0.038218819 -0.826504611 -0.000004949 0.561631062
1403715891.234058 -0.003457428 0.007746752 -0.010295843 0.038237954 -0.826511956 0.000081445 0.561618944
1403715891.284058 -0.003433353 0.008624086 -0.009604086 0.038197067 -0.826562812 0.000138365 0.561546867
1403715891.334058 -0.003219275 0.008711216 -0.010289965 0.038181162 -0.826502661 0.000158463 0.561636471
1403715891.384058 -0.003229734 0.009288523 -0.009935581 0.038275763 -0.826531538 0.000213341 0.561587514
1403715891.434058 -0.003010914 0.009293939 -0.010584594 0.038321891 -0.826517211 0.000158355 0.561605473
1403715891.484058 -0.003228552 0.009638190 -0.010035102 0.038452705 -0.826569684 0.000198371 0.561519285
1403715891.534058 -0.003008882 0.009582124 -0.010618328 0.038473987 -0.826529626 0.000241394 0.561576773
1403715891.584058 -0.003338848 0.010496356 -0.010170573 0.038394192 -0.826512537 0.000328068 0.561607340
1403715891.634058 -0.003201793 0.010473912 -0.010738442 0.038410203 -0.826508598 0.000309567 0.561612053
1403715891.684058 -0.003059313 0.010501586 -0.009927121 0.038387679 -0.826540175 0.000328470 0.561567109
1403715891.734058 -0.002871795 0.010488664 -0.010471141 0.038378086 -0.826517225 0.000371684 0.561601515
1403715891.784058 -0.002460237 0.009757205 -0.010303711 0.038271525 -0.826451424 0.000307398 0.561705653
1403715891.834058 -0.002099094 0.009701885 -0.010722243 0.038261397 -0.826162376 0.000445664 0.562131297
1403715891.884058 -0.002981736 0.012773298 -0.010744980 0.038558767 -0.826325203 0.000576440 0.561871469
1403715891.934058 -0.002754663 0.012754069 -0.011517550 0.038470099 -0.826448934 0.000716520 0.561695378
1403715891.984058 -0.003308642 0.013484298 -0.010617333 0.038627728 -0.826477517 0.000578250 0.561642660
1403715892.034058 -0.002956014 0.013496224 -0.011211396 0.038643107 -0.826432246 0.000687285 0.561708092
1403715892.084058 -0.003213671 0.013929625 -0.010341992 0.038717379 -0.826480407 0.000654116 0.561632152
1403715892.134058 -0.002863241 0.013987021 -0.010953333 0.038665759 -0.826517279 0.000711279 0.561581375
1403715892.184058 -0.002264963 0.013372698 -0.009360009 0.038267093 -0.826158134 0.000920442 0.562136567
1403715892.234058 -0.001907371 0.013516636 -0.009755508 0.038527794 -0.826367699 0.000447398 0.561811209
1403715892.284058 -0.001861835 0.011261439 -0.007114390 0.038531545 -0.826383486 0.000471656 0.561787711
1403715892.334058 -0.001651251 0.011254495 -0.007748479 0.038601923 -0.826287388 0.000525231 0.561924166
1403715892.384058 -0.002132446 0.011865298 -0.006921554 0.038596078 -0.826430697 0.000717605 0.561713567
1403715892.434058 -0.001850522 0.011809610 -0.007404095 0.038750837 -0.826328015 0.000569385 0.561854127
1403715892.484058 -0.002107058 0.012288322 -0.007066267 0.038798977 -0.826439435 0.000508774 0.561686960
1403715892.534058 -0.001710477 0.012030461 -0.007380393 0.038879509 -0.826338625 0.000506733 0.561829694
1403715892.584058 -0.002052844 0.013170626 -0.006953522 0.038728396 -0.826244892 0.000696140 0.561977762
1403715892.634058 -0.001666647 0.012772383 -0.007710585 0.038775197 -0.826240871 0.000736287 0.561980395
1403715892.684058 -0.001693833 0.013237513 -0.005708457 0.038477377 -0.826235640 0.000900354 0.562008316
1403715892.734058 -0.001472468 0.012851625 -0.005998079 0.038625666 -0.826103456 0.000865749 0.562192483
1403715892.784058 -0.001951867 0.014101478 -0.005495629 0.038518333 -0.825968307 0.001213654 0.562397743
1403715892.834058 -0.001990706 0.013690553 -0.006340800 0.038548787 -0.825924076 0.001243870 0.562460545
1403715892.884058 -0.001726671 0.014930820 -0.005388166 0.038431454 -0.825922461 0.001348649 0.562470704
1403715892.934058 -0.001332970 0.014799633 -0.005861474 0.038234055 -0.825921099 0.001530323 0.562485692
1403715892.984058 -0.005166277 0.015075370 -0.009658409 0.038603334 -0.825761835 0.001458383 0.562694453
1403715893.034058 -0.004740669 0.015031165 -0.010121782 0.038506610 -0.825679831 0.001731709 0.562820628
1403715893.084058 -0.005864127 0.014279569 -0.009329764 0.038001849 -0.825647804 0.002051920 0.562900837
1403715893.134058 -0.005593424 0.014122378 -0.009738806 0.037819413 -0.825320452 0.002146028 0.563392614
1403715893.184058 -0.005990191 0.015231282 -0.010747057 0.037961653 -0.824767316 0.002499148 0.564191050
1403715893.234058 -0.005796537 0.015124950 -0.011613308 0.037914569 -0.824515560 0.002580379 0.564561704
1403715893.284058 -0.007119966 0.014288654 -0.010700554 0.037830229 -0.824421955 0.002844752 0.564702773
1403715893.334058 -0.007295992 0.013942306 -0.011249592 0.037665157 -0.823905291 0.003062807 0.565466203
1403715893.384058 -0.007193056 0.012122715 -0.010623429 0.037508947 -0.823636457 0.003067436 0.565868056
1403715893.434058 -0.007816100 0.011541418 -0.010080830 0.037411792 -0.822663846 0.003616475 0.567284298
1403715893.484058 -0.008683312 0.012530244 -0.007484244 0.037501638 -0.819030372 0.005906908 0.572492782
1403715893.534058 0.002476903 0.004299584 0.001882326 0.035834588 -0.813822279 0.008682867 0.579942918
1403715893.584058 0.006504340 -0.020218653 0.007076223 0.032041617 -0.809080563 0.009047796 0.586753880
1403715893.634058 0.005899604 -0.023302415 0.012773908 0.030418604 -0.805023309 0.012529802 0.592330300
1403715893.684058 0.005042482 -0.018782989 0.017338294 0.030526149 -0.803227162 0.015719799 0.594682410
1403715893.734058 0.005459419 -0.021404303 0.023880160 0.029478404 -0.802761185 0.017791017 0.595305790
1403715893.784058 0.002044474 -0.011477916 0.032546505 0.031749269 -0.803550305 0.019115031 0.594082070
1403715893.834058 0.004059358 -0.015460891 0.039641008 0.033238232 -0.806154716 0.017086094 0.590523377
1403715893.884058 0.006723574 -0.019544676 0.046694811 0.032902015 -0.809889567 0.016768606 0.585418790
1403715893.934058 0.009730379 -0.024069426 0.054991630 0.032542180 -0.812206007 0.016593918 0.582225945
1403715893.984058 0.013700820 -0.028972596 0.062828220 0.032411119 -0.815794513 0.015999405 0.577211271
1403715894.034058 0.017157800 -0.034220364 0.071223156 0.031780708 -0.820193871 0.015622272 0.570988568
1403715894.084058 0.021276247 -0.039579760 0.078102692 0.032044482 -0.824708338 0.014542295 0.564462426
1403715894.134058 0.023825290 -0.045602470 0.086073598 0.033902123 -0.826110498 0.011089507 0.562378088
1403715894.184058 0.029378347 -0.051959558 0.093558387 0.037305187 -0.823795773 0.005496396 0.565631185
1403715894.234058 0.030526688 -0.059476157 0.106149195 0.040276958 -0.820725575 0.000416458 0.569900977
1403715894.284058 0.032297507 -0.068449952 0.121798667 0.044269710 -0.817190847 -0.005580230 0.574637428
1403715894.334058 0.033195890 -0.078727098 0.137950225 0.047677907 -0.815104577 -0.010898674 0.577245671
1403715894.384058 0.035857005 -0.090139304 0.155686674 0.049570023 -0.813505585 -0.014718232 0.579253700
1403715894.434058 0.037605050 -0.103790751 0.171790018 0.050101465 -0.813123774 -0.016963755 0.579682501
1403715894.484058 0.040016099 -0.118261111 0.186744447 0.049078480 -0.814752332 -0.016784596 0.577484387
1403715894.534058 0.042581177 -0.135294979 0.197656447 0.047069382 -0.817264020 -0.015077034 0.574139947
1403715894.584058 0.041667189 -0.152755686 0.208018066 0.045512477 -0.819389631 -0.014353531 0.571247078
1403715894.634058 0.043931960 -0.172685436 0.215442420 0.043817399 -0.820951237 -0.012751680 0.569171764
1403715894.684058 0.047085720 -0.192373316 0.222463541 0.041068530 -0.822876122 -0.009414732 0.566656533
1403715894.734058 0.048918859 -0.214825777 0.230635330 0.038768290 -0.822937195 -0.006246127 0.566773658
1403715894.784058 0.048930505 -0.237120417 0.241213652 0.036069144 -0.821974734 -0.002417946 0.568375498
1403715894.834058 0.048010345 -0.264313240 0.248412833 0.034189440 -0.820265087 0.000414821 0.570960679
1403715894.884058 0.045319293 -0.289933927 0.259589764 0.033072567 -0.818351700 0.002617047 0.573759403
1403715894.934058 0.045383899 -0.315727260 0.271043174 0.032508466 -0.816487018 0.003416122 0.576437750
1403715894.984058 0.042487417 -0.341816998 0.284424646 0.031824688 -0.815128309 0.004800768 0.578385669
1403715895.034058 0.042611555 -0.368307424 0.296726981 0.031366838 -0.814147212 0.005623885 0.579783418
1403715895.084058 0.042981325 -0.395009549 0.309020298 0.031405316 -0.813840581 0.005020314 0.580217210
1403715895.134058 0.032279764 -0.413387324 0.320563411 0.030067634 -0.814147125 0.006594000 0.579842147
1403715895.184058 0.030573868 -0.439720288 0.332456857 0.029292253 -0.814209814 0.007411337 0.579783939
1403715895.234058 0.030282318 -0.466343265 0.343958214 0.028085711 -0.814442348 0.008989015 0.579494652
1403715895.284058 0.023545101 -0.489657705 0.355449592 0.027794426 -0.814433359 0.008920163 0.579522393
1403715895.334058 0.021804527 -0.515671280 0.365740074 0.027386965 -0.814835208 0.009329916 0.578970198
1403715895.384058 0.023805919 -0.541630963 0.377544717 0.027311930 -0.814606903 0.009308308 0.579295269
1403715895.434058 0.025184606 -0.568260165 0.387260447 0.027174007 -0.814578916 0.008961142 0.579346581
1403715895.484058 0.024603910 -0.595895915 0.397272470 0.026938061 -0.814925321 0.009172282 0.578866938
1403715895.534058 0.026529499 -0.622420820 0.407135454 0.026699535 -0.814930931 0.009201225 0.578869631
1403715895.584058 0.028603598 -0.649753995 0.417964513 0.025841683 -0.815714690 0.009757736 0.577794547
1403715895.634058 0.030355790 -0.676390441 0.428014968 0.026270824 -0.815268194 0.008940522 0.578418259
1403715895.684058 0.030778086 -0.704036977 0.439102417 0.026075660 -0.815493469 0.008753287 0.578112308
1403715895.734058 0.039453574 -0.728976242 0.454978940 0.025718110 -0.815678056 0.009248094 0.577860156
1403715895.784058 0.072518990 -0.747718031 0.488279147 0.025835708 -0.815702872 0.009267739 0.577819565
1403715895.834058 0.075493722 -0.774090053 0.498600657 0.025633076 -0.815834289 0.009328650 0.577642047
1403715895.884058 0.078380117 -0.801603167 0.509957700 0.025861205 -0.815909553 0.009031520 0.577530285
1403715895.934058 0.081410027 -0.828019230 0.520567750 0.025500095 -0.815524296 0.009630491 0.578080549
1403715895.984058 0.082108340 -0.854899540 0.531457935 0.024216767 -0.815962327 0.011125327 0.577490481
1403715896.034058 0.085407176 -0.881250109 0.541804507 0.023423890 -0.816266496 0.012530041 0.577064404
1403715896.084058 0.086755691 -0.906933102 0.552157212 0.021583595 -0.816599317 0.015480708 0.576593489
1403715896.134058 0.089365012 -0.932924812 0.561685726 0.019354589 -0.817266565 0.019180215 0.575615219
1403715896.184058 0.078214804 -0.954778575 0.578971280 0.016543037 -0.817021605 0.023874721 0.575875006
1403715896.234058 0.080027952 -0.979312086 0.587951220 0.011659438 -0.816728210 0.030526896 0.576096518
1403715896.284058 0.082662835 -1.001366766 0.597024551 0.006371357 -0.815264177 0.038383969 0.577780580
1403715896.334058 0.084498311 -1.022921274 0.606785087 0.000291722 -0.813636396 0.047089742 0.579463792
1403715896.384058 0.085893057 -1.040974044 0.615637240 -0.004795186 -0.812977209 0.054751899 0.579695863
1403715896.434058 0.088100008 -1.057437576 0.625331103 -0.008675309 -0.811728414 0.060296595 0.580849413
1403715896.484058 0.090028030 -1.066032508 0.635249420 -0.012628436 -0.810647753 0.066203750 0.581642336
1403715896.534058 0.092839296 -1.076002377 0.645026050 -0.015021185 -0.809104713 0.070033123 0.583283198
1403715896.584058 0.098707830 -1.079986470 0.656940370 -0.017696339 -0.807243980 0.074169866 0.585271585
1403715896.634058 0.102478733 -1.082346534 0.667499560 -0.019145043 -0.805344801 0.076478743 0.587540825
1403715896.684058 0.102824650 -1.078697693 0.678529121 -0.020188537 -0.803752737 0.078132158 0.589465288
1403715896.734058 0.107996069 -1.073325225 0.688940320 -0.021329264 -0.803354191 0.080598837 0.589636272
1403715896.784058 0.110144500 -1.061323140 0.699291246 -0.022196643 -0.804629675 0.082669429 0.587574813
1403715896.834058 0.116266956 -1.047757443 0.709022496 -0.023419776 -0.806517461 0.085653651 0.584503680
1403715896.884058 0.121305069 -1.028909858 0.718836804 -0.025498144 -0.808290130 0.089007959 0.581458935
1403715896.934058 0.128126465 -1.007102467 0.728518458 -0.028356476 -0.809731476 0.094100761 0.578511792
1403715896.984058 0.132690149 -0.977650117 0.738128238 -0.032540947 -0.810920043 0.100673449 0.575512491
1403715897.034058 0.139644798 -0.946215421 0.747975865 -0.036844179 -0.811968148 0.107320735 0.572566583
1403715897.084058 0.141742149 -0.906098571 0.759162453 -0.039899216 -0.812566258 0.112122340 0.570589791
1403715897.134058 0.147607901 -0.863438255 0.769595225 -0.041189329 -0.812940986 0.113423303 0.569706544
1403715897.184058 0.142024881 -0.806229185 0.779613959 -0.040890735 -0.813028704 0.112387203 0.569808205
1403715897.234058 0.146541789 -0.751976074 0.790035493 -0.036981587 -0.814483792 0.106497525 0.569128098
1403715897.284058 0.147264290 -0.692840528 0.802601769 -0.029500476 -0.815977875 0.095311074 0.569408139
1403715897.334058 0.150376742 -0.629310087 0.813331617 -0.019421572 -0.817677192 0.080769752 0.569651700
1403715897.384058 0.153036747 -0.562517502 0.824462749 -0.008096791 -0.819545071 0.064250042 0.569343701
1403715897.434058 0.154021297 -0.496185488 0.840170989 -0.000008714 -0.821130088 0.051948863 0.568371968
1403715897.484058 0.150551131 -0.424297566 0.851115769 0.006318461 -0.821596309 0.042489652 0.568448952
1403715897.534058 0.151305093 -0.353447746 0.861505000 0.010642668 -0.822108276 0.036095166 0.568086134
1403715897.584058 0.145376233 -0.281482692 0.876111369 0.010986615 -0.822616877 0.034649480 0.567432975
1403715897.634058 0.144516325 -0.209876093 0.885152707 0.008683596 -0.822384422 0.037358951 0.567637883
1403715897.684058 0.130010406 -0.107469202 0.891575671 0.006116783 -0.822332922 0.040488602 0.567531342
1403715897.734058 0.128274574 -0.033666766 0.899694472 0.000920228 -0.821909692 0.047123309 0.567664518
1403715897.784058 0.125175610 0.042168017 0.908805550 -0.002200111 -0.821022926 0.051344551 0.568577393
1403715897.834058 0.122349913 0.118704503 0.916790418 -0.004514588 -0.819571420 0.054104548 0.570398986
1403715897.884058 0.114713237 0.197774182 0.923748643 -0.005856861 -0.817524636 0.055596662 0.573173777
1403715897.934058 0.111106592 0.277748653 0.932103909 -0.003548634 -0.815805759 0.052352899 0.575940575
1403715897.984058 0.075108237 0.365171790 0.941428598 -0.002042986 -0.814500862 0.050078586 0.577993346
1403715898.034058 0.070376099 0.448243379 0.950028975 0.001188221 -0.811585207 0.045390205 0.582466968
1403715898.084058 0.088683230 0.536105200 0.965250896 0.003518204 -0.807012591 0.040766799 0.589114902
1403715898.134058 0.112653758 0.625528005 0.985138027 0.005135791 -0.802678893 0.034769297 0.595374935
1403715898.184058 0.101070693 0.712260338 0.990041938 0.004159870 -0.799260083 0.029549547 0.600243984
1403715898.234058 0.100660310 0.799326182 0.998495753 0.003003899 -0.796991033 0.022434444 0.603566869
1403715898.284058 0.098333546 0.886004857 1.004327356 -0.000097653 -0.796912178 0.015254133 0.603902543
1403715898.334058 0.118114615 0.979083800 1.015026715 -0.004477142 -0.797198060 0.008279224 0.603644484
1403715898.384058 0.134588452 1.068397116 1.021812899 -0.010107875 -0.799128781 0.001384971 0.601073293
1403715898.434058 0.157020505 1.156187627 1.030420209 -0.016742681 -0.802447790 -0.005669541 0.596460462
1403715898.484058 0.166479850 1.245048035 1.033281352 -0.024910341 -0.806073082 -0.012172996 0.591166202
1403715898.534058 0.175754465 1.330537580 1.032867310 -0.032970280 -0.809849171 -0.018977806 0.585403386
1403715898.584058 0.196471909 1.407968995 1.031777651 -0.040307618 -0.811518169 -0.025940377 0.582357841
1403715898.634058 0.210708649 1.494024165 1.030470712 -0.049307526 -0.813397319 -0.033010881 0.578674219
1403715898.684058 0.222699303 1.581074415 1.028688790 -0.058397697 -0.811757936 -0.040255621 0.579670810
1403715898.734058 0.208719707 1.662174919 1.015392620 -0.066622275 -0.810181133 -0.045758862 0.580580857
1403715898.784058 0.193066220 1.765140886 0.990757770 -0.073680014 -0.809796455 -0.052091008 0.579730527
1403715898.834058 0.206015633 1.845582620 0.978790786 -0.080964321 -0.809753639 -0.057650535 0.578290791
1403715898.884058 0.218864640 1.925063159 0.964081470 -0.086915614 -0.809818814 -0.062829587 0.576794251
1403715898.934058 0.231151140 2.002901710 0.946285720 -0.092714312 -0.810241789 -0.066192711 0.574918102
1403715898.984058 0.238705509 2.081858618 0.928478284 -0.096347764 -0.810948519 -0.070242222 0.572839977
1403715899.034058 0.249128766 2.160291543 0.906307272 -0.100099098 -0.810308477 -0.072435337 0.572829350
1403715899.084058 0.253315299 2.236863255 0.884035598 -0.102819049 -0.811939881 -0.074369499 0.569781582
1403715899.134058 0.261727886 2.309736387 0.856000810 -0.105558190 -0.814411584 -0.075403996 0.565601872
1403715899.184058 0.259244238 2.395515439 0.839534372 -0.107030388 -0.818029351 -0.077169195 0.559836934
1403715899.234058 0.262649474 2.470941110 0.817781557 -0.106068957 -0.822323314 -0.081268663 0.553108622
1403715899.284058 0.250389712 2.549495297 0.807776471 -0.104587698 -0.826385086 -0.084391073 0.546833840
1403715899.334058 0.246749457 2.613260298 0.786047148 -0.103468397 -0.831341541 -0.086888039 0.539088120
1403715899.384058 0.243301547 2.679700742 0.771875724 -0.101069334 -0.835301003 -0.089919164 0.532890016
1403715899.434058 0.241174169 2.746872366 0.760376033 -0.097900082 -0.837870424 -0.093529317 0.528810923
1403715899.484058 0.235566404 2.811475395 0.751937390 -0.096544340 -0.838242100 -0.094143716 0.528361933
1403715899.534058 0.228038361 2.875821676 0.746031539 -0.095637897 -0.838613681 -0.093338490 0.528079931
1403715899.584058 0.207490408 2.938412895 0.744826475 -0.095167486 -0.838697071 -0.091793957 0.528303172
1403715899.634058 0.193879432 3.000134486 0.739109527 -0.095421924 -0.838948515 -0.089236596 0.528296201
1403715899.684058 0.163197119 3.060604333 0.737478784 -0.094065774 -0.838886912 -0.088790506 0.528712233
1403715899.734058 0.143285199 3.119424945 0.731984561 -0.091345526 -0.838486962 -0.089905977 0.529634332
1403715899.784058 0.108185415 3.179591680 0.731651692 -0.087676483 -0.837394930 -0.092262705 0.531573287
1403715899.834058 0.057384135 3.236251214 0.736012484 -0.083011105 -0.835343717 -0.096037753 0.534870808
1403715899.884058 0.028158411 3.290745730 0.736074663 -0.077154285 -0.832308291 -0.101347821 0.539480068
1403715899.934058 -0.011690770 3.346578074 0.739139846 -0.071496960 -0.830407318 -0.106537026 0.542182380
1403715899.984058 -0.052467266 3.396666525 0.737477742 -0.065431636 -0.829133091 -0.112558386 0.543679711
1403715900.034058 -0.088144948 3.442582711 0.735349763 -0.061177517 -0.827489168 -0.116807093 0.545779342
1403715900.084058 -0.126557907 3.485693656 0.731340852 -0.057682360 -0.826786631 -0.119683467 0.546600842
1403715900.134058 -0.165294419 3.525016799 0.729294462 -0.055480794 -0.826216202 -0.122437951 0.547080997
1403715900.184058 -0.208533961 3.562956239 0.725478553 -0.052677514 -0.825696119 -0.125356069 0.547482286
1403715900.234058 -0.250737738 3.594188264 0.723992216 -0.050874315 -0.825139949 -0.126699946 0.548181533
1403715900.284058 -0.300433454 3.624032837 0.721473520 -0.049359124 -0.825208067 -0.128448424 0.547810483
1403715900.334058 -0.353445764 3.648074508 0.712014770 -0.048577094 -0.825508933 -0.128562508 0.547400172
1403715900.384058 -0.400257386 3.666142998 0.703470717 -0.048437843 -0.825514652 -0.129595591 0.547160230
1403715900.434058 -0.448477177 3.682266867 0.702006516 -0.050350068 -0.826118424 -0.126871658 0.546714553
1403715900.484058 -0.496653038 3.692727689 0.700068450 -0.057241377 -0.825804389 -0.117529125 0.548595881
1403715900.534058 -0.546920649 3.707201859 0.696283344 -0.064271603 -0.823128523 -0.107797044 0.553812597
1403715900.584058 -0.596755824 3.711695463 0.697191547 -0.069738153 -0.819283959 -0.100189147 0.560243268
1403715900.634058 -0.648893888 3.716382876 0.698811285 -0.076124583 -0.814182313 -0.091259703 0.568316703
1403715900.684058 -0.699116428 3.724196497 0.696265885 -0.082960288 -0.808328921 -0.081211413 0.577171250
1403715900.734058 -0.750524465 3.726737925 0.698272842 -0.087819693 -0.801230307 -0.074344521 0.587188717
1403715900.784058 -0.795342534 3.739372785 0.687042436 -0.089285089 -0.793851560 -0.071857100 0.597213890
1403715900.834058 -0.838173997 3.745289813 0.692021175 -0.087978269 -0.786505211 -0.073764121 0.606818120
1403715900.884058 -0.882793102 3.745778583 0.693890840 -0.086580290 -0.780954365 -0.076096930 0.613859423
1403715900.934058 -0.924581853 3.745947259 0.696565844 -0.084980635 -0.777031987 -0.079567109 0.618602181
1403715900.984058 -0.962846017 3.743203903 0.700709372 -0.083265550 -0.772482594 -0.082263009 0.624155659
1403715901.034058 -0.997643150 3.740495192 0.705184181 -0.082820684 -0.767446566 -0.082877293 0.630315680
1403715901.084058 -1.027228038 3.734803877 0.711150234 -0.081604141 -0.763183809 -0.085172738 0.635324203
1403715901.134058 -1.053472773 3.728870587 0.716869858 -0.081805717 -0.758694579 -0.084853425 0.640695136
1403715901.184058 -1.094255653 3.695689810 0.715745540 -0.081086328 -0.755073740 -0.087573626 0.644685593
1403715901.234058 -1.112293224 3.684278856 0.722363834 -0.081953026 -0.752028228 -0.086775579 0.648233943
1403715901.284058 -1.125959719 3.669573937 0.729597248 -0.083292098 -0.750177855 -0.086382525 0.650256620
1403715901.334058 -1.133740465 3.654717408 0.736635953 -0.085610757 -0.751165105 -0.084674424 0.649039310
1403715901.384058 -1.136977679 3.638405454 0.744187955 -0.088287133 -0.754811898 -0.082482901 0.644717731
1403715901.434058 -1.135267729 3.620951810 0.750290267 -0.091584826 -0.761015510 -0.079196422 0.637334716
1403715901.484058 -1.128381438 3.601489504 0.756221305 -0.093660834 -0.768055070 -0.078232818 0.628648299
1403715901.534058 -1.118757861 3.582461378 0.762890526 -0.095111508 -0.773813569 -0.077645427 0.621399670
1403715901.584058 -1.104829779 3.560814177 0.770591237 -0.095567019 -0.777229681 -0.078847199 0.616898766
1403715901.634058 -1.089705850 3.540497379 0.779073014 -0.094810807 -0.778965756 -0.081092842 0.614530075
1403715901.684058 -1.071683764 3.519148517 0.786759840 -0.095317762 -0.779988736 -0.080803148 0.613190792
1403715901.734058 -1.051505640 3.497284392 0.793645229 -0.095465721 -0.783042310 -0.081420397 0.609181217
1403715901.784058 -1.029588803 3.474400431 0.801156704 -0.096119653 -0.786584989 -0.081208873 0.604524761
1403715901.834058 -1.005969234 3.451192847 0.807451648 -0.096311323 -0.790634485 -0.081038545 0.599211144
1403715901.884058 -0.980749125 3.427489447 0.812707112 -0.095602438 -0.793770415 -0.081882489 0.595049544
1403715901.934058 -0.954360525 3.403119582 0.817964357 -0.096059339 -0.795741251 -0.080821948 0.592483146
1403715901.984058 -0.926630959 3.378535764 0.822390804 -0.096064325 -0.797110168 -0.080150140 0.590730886
1403715902.034058 -0.897827075 3.353192735 0.827576106 -0.096056650 -0.796913998 -0.079518941 0.591082006
1403715902.084058 -0.876498094 3.329338783 0.838706427 -0.095317800 -0.795917283 -0.080314492 0.592435464
1403715902.134058 -0.846266217 3.302963530 0.842910929 -0.092921170 -0.795886826 -0.082712226 0.592527219
1403715902.184058 -0.815207975 3.278397223 0.846264505 -0.090100737 -0.795791968 -0.085325309 0.592719657
1403715902.234058 -0.783655045 3.250770523 0.849227504 -0.086971718 -0.797293382 -0.089348744 0.590572591
1403715902.284058 -0.736739152 3.208913765 0.853143605 -0.085042538 -0.799544759 -0.091187581 0.587520867
1403715902.334058 -0.703362753 3.178578206 0.855412078 -0.082731547 -0.802532315 -0.094064609 0.583308859
1403715902.384058 -0.661884002 3.146120251 0.857143662 -0.081611636 -0.805154741 -0.094894770 0.579707138
1403715902.434058 -0.627684979 3.113122882 0.860055523 -0.080985503 -0.806926505 -0.095112370 0.577290742
1403715902.484058 -0.589167799 3.080731996 0.862779449 -0.083525068 -0.809176465 -0.090837991 0.574461027
1403715902.534058 -0.555021598 3.045322427 0.865363378 -0.087459382 -0.811514290 -0.084939171 0.571472441
1403715902.584058 -0.521391509 3.008942249 0.867967478 -0.089903164 -0.814089830 -0.079162629 0.568250339
1403715902.634058 -0.488282622 2.972030103 0.870995958 -0.090597788 -0.816114218 -0.073570997 0.565983156
1403715902.684058 -0.458062920 2.934904474 0.874834267 -0.090071735 -0.818889244 -0.067156348 0.562847682
1403715902.734058 -0.426410686 2.897620233 0.875385199 -0.086859841 -0.822641378 -0.061101189 0.558554541
1403715902.784058 -0.391048158 2.864712604 0.872367345 -0.081957722 -0.826329334 -0.055405441 0.554430338
1403715902.834058 -0.353237748 2.833328134 0.862287441 -0.076213396 -0.829603096 -0.048668728 0.550982374
1403715902.884058 -0.323782535 2.800719198 0.857335583 -0.068212317 -0.833034404 -0.043226223 0.547295400
1403715902.934058 -0.298490273 2.771574854 0.847655399 -0.061037243 -0.835208504 -0.037931734 0.545217748
1403715902.984058 -0.275264071 2.738113604 0.838376258 -0.049468295 -0.836755802 -0.035455313 0.544183366
1403715903.034058 -0.254164537 2.704840145 0.829868769 -0.038613762 -0.836931519 -0.030228652 0.545106264
1403715903.084058 -0.234962350 2.671885611 0.821540338 -0.025655287 -0.837179241 -0.027284640 0.545644823
1403715903.134058 -0.217812137 2.638704600 0.813709495 -0.012715546 -0.836910500 -0.024070413 0.546662369
1403715903.184058 -0.202344789 2.606940023 0.806555493 -0.000431573 -0.836601396 -0.022186979 0.547362454
1403715903.234058 -0.188887295 2.573318225 0.799602839 0.007763547 -0.836937519 -0.017202903 0.546972922
1403715903.284058 -0.179245546 2.542712582 0.793213680 0.013692496 -0.839098742 -0.011575587 0.543683568
1403715903.334058 -0.169965780 2.508463097 0.786619724 0.018145385 -0.841147367 -0.006126810 0.540466756
1403715903.384058 -0.156000165 2.472419983 0.779041314 0.022366573 -0.843890575 0.000264926 0.536048844
1403715903.434058 -0.151210443 2.436894215 0.775893060 0.027223545 -0.845751457 0.007046876 0.532835521
1403715903.484058 -0.140114773 2.398003135 0.772675312 0.033536092 -0.846731440 0.013335083 0.530795039
1403715903.534058 -0.140976341 2.361092261 0.776311531 0.040733151 -0.847410326 0.020490146 0.528977036
1403715903.584058 -0.143772081 2.326094920 0.783413008 0.049593448 -0.846563195 0.027320492 0.529268209
1403715903.634058 -0.150830215 2.288437421 0.794319851 0.059312318 -0.846225950 0.034832836 0.528365748
1403715903.684058 -0.160705809 2.250442605 0.808959927 0.070088045 -0.844140165 0.042612903 0.529810522
1403715903.734058 -0.173121170 2.212140519 0.826966182 0.082013336 -0.840753088 0.050104910 0.532820378
1403715903.784058 -0.182750139 2.172053737 0.845265765 0.091033599 -0.836384842 0.062859927 0.536863028
1403715903.834058 -0.200060171 2.132722295 0.869514312 0.102139838 -0.831750244 0.074837979 0.540516661
1403715903.884058 -0.215680243 2.091177064 0.897170349 0.113533399 -0.825892741 0.088534515 0.545135751
1403715903.934058 -0.236391887 2.051916339 0.925208398 0.127485089 -0.820105308 0.100760344 0.548654891
1403715903.984058 -0.262807734 2.008197623 0.952385551 0.142967123 -0.813898264 0.112314375 0.551829230
1403715904.034058 -0.285422184 1.969366937 0.980103558 0.157532210 -0.807985242 0.126245220 0.553539154
1403715904.084058 -0.308283330 1.931468148 1.006977792 0.172665554 -0.802697319 0.139895949 0.553437208
1403715904.134058 -0.331708184 1.894578385 1.033462709 0.188457556 -0.797143071 0.152996481 0.552846046
1403715904.184058 -0.357265477 1.864057948 1.057109903 0.206640417 -0.791920651 0.163360865 0.550885331
1403715904.234058 -0.380483804 1.830409862 1.081734329 0.224939856 -0.786535035 0.173329837 0.548380769
1403715904.284058 -0.404016091 1.796339004 1.106530335 0.245412672 -0.779930328 0.179819450 0.546942656
1403715904.334058 -0.427911089 1.764075618 1.129496010 0.264829127 -0.771581988 0.186949572 0.547335936
1403715904.384058 -0.449375158 1.728204619 1.150624574 0.283749127 -0.763274843 0.193452135 0.547242377
1403715904.434058 -0.472609128 1.696265100 1.168348478 0.299247480 -0.755563330 0.202438186 0.546437353
1403715904.484058 -0.495383958 1.664691906 1.183004280 0.314609066 -0.747882570 0.209521885 0.545704478
1403715904.534058 -0.517411980 1.633291802 1.194370749 0.330754847 -0.739347790 0.214221882 0.545962510
1403715904.584058 -0.518678550 1.615647344 1.206941105 0.346136691 -0.729998923 0.219769820 0.546801782
1403715904.634058 -0.549765460 1.592955339 1.215543255 0.360987698 -0.720911066 0.225524965 0.546912797
1403715904.684058 -0.564185612 1.567147498 1.221901281 0.374520160 -0.711752341 0.233966203 0.546262822
1403715904.734058 -0.577554566 1.538133134 1.219174597 0.386048272 -0.704584349 0.246698028 0.541911165
1403715904.784058 -0.589798944 1.511080960 1.214686284 0.396344672 -0.698919358 0.262392300 0.534390226
1403715904.834058 -0.600745314 1.481228297 1.207331425 0.407834923 -0.693106752 0.277722202 0.525494134
1403715904.884058 -0.610140541 1.451963262 1.197015017 0.419873458 -0.685328048 0.293225178 0.517736169
1403715904.934058 -0.617961359 1.423242118 1.183428691 0.432381737 -0.675716269 0.308527066 0.511140496
1403715904.984058 -0.620143561 1.394601674 1.171624014 0.445493260 -0.664959527 0.323636504 0.504602809
1403715905.034058 -0.625557735 1.367739516 1.153261934 0.459038437 -0.652037419 0.337736177 0.500065189
1403715905.084058 -0.620799602 1.343762794 1.137217520 0.472396721 -0.638478530 0.350891141 0.496046280
1403715905.134058 -0.623970879 1.319971589 1.113319268 0.484306029 -0.624530845 0.364285799 0.492650739
1403715905.184058 -0.633755597 1.311088749 1.111211778 0.496495235 -0.610018506 0.374915375 0.490722290
1403715905.234058 -0.636069307 1.291886894 1.085944932 0.508549253 -0.597433731 0.383354108 0.487329685
1403715905.284058 -0.628576733 1.276133253 1.062193517 0.523443190 -0.587782432 0.386156129 0.481043119
1403715905.334058 -0.627518383 1.262303509 1.036075191 0.537637106 -0.580911780 0.388508612 0.471750892
1403715905.384058 -0.642137507 1.221436462 1.030771942 0.551895245 -0.574668738 0.389109998 0.462342827
1403715905.434058 -0.638829087 1.217153094 1.005410639 0.564373596 -0.567862902 0.391866904 0.453270889
1403715905.484058 -0.625207707 1.216390584 0.982935101 0.576635146 -0.561614527 0.394847085 0.442918515
1403715905.534058 -0.617293589 1.208459271 0.960447730 0.588698184 -0.554729746 0.397426423 0.433314661
1403715905.584058 -0.587527894 1.228704645 0.938217596 0.597975321 -0.549142896 0.403866334 0.421615441
1403715905.634058 -0.575684262 1.223505357 0.916517921 0.605872137 -0.544838751 0.413124728 0.406691096
1403715905.684058 -0.554548438 1.226921731 0.895325181 0.613035856 -0.539828311 0.423984855 0.391164002
1403715905.734058 -0.540442143 1.222804860 0.874590051 0.621330727 -0.533693935 0.433591094 0.375656325
1403715905.784058 -0.522802378 1.221939905 0.853939419 0.630270443 -0.524847330 0.443410745 0.361498770
1403715905.834058 -0.507974556 1.217977942 0.833533675 0.641168461 -0.514988497 0.451618914 0.346020531
1403715905.884058 -0.489759847 1.217734617 0.813607790 0.654792109 -0.503852091 0.456471669 0.330172651
1403715905.934058 -0.475519243 1.212811622 0.793090002 0.669400136 -0.492299702 0.459709284 0.313387676
1403715905.984058 -0.461608918 1.206621962 0.772954179 0.685291403 -0.478016814 0.461136676 0.298711540
1403715906.034058 -0.418234186 1.237256555 0.755573379 0.700711834 -0.461400298 0.463369449 0.285309383
1403715906.084058 -0.375452100 1.262187980 0.745550389 0.714331962 -0.442272097 0.467359720 0.275136569
1403715906.134058 -0.358505357 1.254153752 0.729487352 0.726887367 -0.419709485 0.472459089 0.268814274
1403715906.184058 -0.338821599 1.248151627 0.715040564 0.737157065 -0.394757326 0.480065887 0.265146863
1403715906.234058 -0.319859055 1.238081201 0.700447702 0.747055701 -0.369336731 0.487138525 0.261140223
1403715906.284058 -0.299429530 1.227675656 0.685535833 0.755980659 -0.346743837 0.494167580 0.253101479
1403715906.334058 -0.300438603 1.172179554 0.663342208 0.764548195 -0.325975212 0.498351578 0.246681827
1403715906.384058 -0.274787877 1.176186731 0.649404702 0.773000041 -0.304469295 0.503460110 0.237270525
1403715906.434058 -0.248872863 1.167106640 0.634862055 0.779995468 -0.283784188 0.509715728 0.226414403
1403715906.484058 -0.220372492 1.176360125 0.619837101 0.784765677 -0.263581015 0.517878541 0.215568313
1403715906.534058 -0.191161642 1.170339132 0.607270859 0.789353524 -0.243058570 0.525169554 0.205037765
1403715906.584058 -0.160355706 1.165589710 0.596786289 0.793366585 -0.225557063 0.532296230 0.190667766
1403715906.634058 -0.128427441 1.162180223 0.589305206 0.796240744 -0.209825250 0.540168660 0.173758054
1403715906.684058 -0.095797325 1.181888609 0.589298195 0.797793508 -0.194780403 0.548796017 0.156233944
1403715906.734058 -0.062734762 1.182370678 0.588569228 0.800788061 -0.179478723 0.554458307 0.138209461
1403715906.784058 -0.031054866 1.195751191 0.596480328 0.803666989 -0.163049277 0.559485901 0.120456759
1403715906.834058 0.009108130 1.205820637 0.618942697 0.806001249 -0.146498387 0.564129710 0.103237008
1403715906.884058 0.041536835 1.208592356 0.621020113 0.807957772 -0.128220334 0.568559543 0.086624656
1403715906.934058 0.073270549 1.211482692 0.621415704 0.809141762 -0.108125002 0.573101381 0.071787185
1403715906.984058 0.102968182 1.223254721 0.618932496 0.809540870 -0.088044580 0.577616241 0.057019373
1403715907.034058 0.130185015 1.232962543 0.606979018 0.810514723 -0.065746672 0.580303396 0.044623169
1403715907.084058 0.151660112 1.246078862 0.600772745 0.812200634 -0.041190095 0.580879198 0.034826178
1403715907.134058 0.179707880 1.250872832 0.593679804 0.813620762 -0.015822473 0.580635861 0.025157534
1403715907.184058 0.207202277 1.256948975 0.589115964 0.813769313 0.010028486 0.580920194 0.014514234
1403715907.234058 0.226342226 1.274556789 0.589457526 0.813712053 0.034871799 0.580220145 0.001111300
1403715907.284058 0.252865756 1.284548414 0.590760969 0.812895764 0.058444444 0.579285934 -0.014578439
1403715907.334058 0.280886995 1.289893378 0.593538247 0.811454927 0.082097097 0.577868709 -0.029474110
1403715907.384058 0.305130248 1.303366610 0.601568004 0.808334440 0.105882273 0.577434237 -0.044204972
1403715907.434058 0.328046168 1.317377046 0.612718306 0.804614866 0.129827058 0.576688289 -0.056306923
1403715907.484058 0.334200639 1.345526516 0.625185055 0.800700529 0.152235759 0.575323734 -0.068596924
1403715907.534058 0.352797335 1.363297127 0.638461949 0.796668686 0.173482406 0.573403991 -0.080191782
1403715907.584058 0.345592253 1.388141005 0.659270637 0.792307782 0.193292538 0.571149284 -0.093138978
1403715907.634058 0.361477155 1.409146228 0.671245518 0.788027532 0.210319474 0.568702308 -0.106564593
1403715907.684058 0.368086960 1.438782621 0.682130143 0.782298015 0.226333541 0.567648003 -0.120659388
1403715907.734058 0.380595881 1.462392418 0.694186725 0.776208550 0.239891137 0.566961531 -0.136040992
1403715907.784058 0.387987888 1.487552904 0.709983150 0.769773825 0.253293561 0.566178841 -0.150771845
1403715907.834058 0.399160338 1.508932129 0.709685124 0.762887868 0.266742226 0.565374821 -0.164930280
1403715907.884058 0.397011791 1.533773056 0.726832230 0.756423209 0.279479070 0.563247129 -0.180188926
1403715907.934058 0.399651214 1.556746997 0.727367220 0.750411541 0.290663344 0.560042761 -0.196848788
1403715907.984058 0.400757111 1.582626156 0.737204923 0.743975776 0.303626612 0.555904467 -0.212793675
1403715908.034058 0.403175114 1.608027106 0.744797038 0.737360891 0.317067005 0.550807498 -0.228863564
1403715908.084058 0.400534841 1.631885823 0.754108775 0.729959153 0.332057723 0.545631727 -0.243276227
1403715908.134058 0.400236730 1.655995884 0.761012972 0.721248241 0.347013459 0.540843897 -0.258593334
1403715908.184058 0.397320283 1.678229652 0.767918099 0.713108313 0.363741865 0.534020760 -0.272011428
1403715908.234058 0.389438065 1.699229088 0.773924545 0.703850677 0.380775099 0.526985947 -0.286164919
1403715908.284058 0.373530123 1.711216609 0.781441111 0.694744403 0.397567940 0.519497604 -0.298985261
1403715908.334058 0.366783815 1.723766741 0.790953114 0.685407449 0.414139391 0.511135812 -0.312162418
1403715908.384058 0.350057249 1.741709123 0.801449022 0.675206206 0.431971957 0.501849425 -0.325029172
1403715908.434058 0.340682625 1.755732238 0.805152625 0.664258891 0.449128680 0.492897752 -0.337780046
1403715908.484058 0.313672791 1.771828645 0.811070130 0.651908570 0.467100352 0.483319887 -0.351047524
1403715908.534058 0.303670149 1.783840457 0.816194874 0.638776248 0.484848474 0.474580181 -0.362850539
1403715908.584058 0.283025319 1.790886051 0.823521437 0.625210675 0.502071365 0.464988536 -0.375262066
1403715908.634058 0.267155585 1.800614757 0.828438563 0.609610794 0.520033425 0.457514124 -0.385513610
1403715908.684058 0.247076867 1.806477054 0.834615057 0.593638389 0.536389383 0.449582163 -0.397184808
1403715908.734058 0.233346972 1.812336121 0.839670376 0.577616939 0.551502255 0.441678497 -0.408808072
1403715908.784058 0.221312743 1.815647936 0.842411972 0.562892358 0.564752795 0.432161802 -0.421239422
1403715908.834058 0.200978392 1.814930796 0.849407745 0.548100115 0.577878655 0.422304479 -0.432783377
1403715908.884058 0.177032147 1.814195616 0.847047114 0.534293199 0.591651275 0.410957604 -0.442259418
1403715908.934058 0.153177508 1.805465284 0.849601650 0.521562491 0.606278724 0.397816624 -0.449600500
1403715908.984058 0.113022587 1.791068752 0.851549804 0.507350359 0.622235204 0.385910285 -0.454414147
1403715909.034058 0.102192010 1.778961801 0.842730784 0.493398554 0.636463436 0.375595555 -0.458693951
1403715909.084058 0.083328288 1.770461678 0.845186751 0.479466148 0.650746099 0.364580728 -0.462301439
1403715909.134058 0.062169951 1.761421172 0.848594178 0.464446476 0.664088310 0.355238771 -0.465920168
1403715909.184058 0.040579528 1.749332007 0.845739950 0.451275390 0.675690748 0.343776742 -0.470754806
1403715909.234058 0.021672504 1.738560886 0.843972786 0.437646841 0.686366542 0.333911921 -0.475256816
1403715909.284058 0.001657156 1.726474200 0.844547383 0.425333143 0.695252756 0.322188828 -0.481570017
1403715909.334058 -0.018341717 1.713774931 0.841029015 0.411649973 0.703895320 0.313311627 -0.486735558
1403715909.384058 -0.042727415 1.700041418 0.837933551 0.397897164 0.712507101 0.304694104 -0.491093658
1403715909.434058 -0.064316139 1.686633501 0.833433186 0.383888529 0.720311187 0.296660252 -0.495756075
1403715909.484058 -0.086903297 1.672042266 0.828132855 0.367740381 0.728110697 0.291238375 -0.499801995
1403715909.534058 -0.110941426 1.656730456 0.821337907 0.350905168 0.736197259 0.285418597 -0.503403797
1403715909.584058 -0.136843501 1.639279953 0.813102255 0.333614546 0.744887853 0.278344688 -0.506327617
1403715909.634058 -0.164180250 1.620055785 0.805051135 0.316461073 0.752161377 0.269150699 -0.511530599
1403715909.684058 -0.191956201 1.603214271 0.796829608 0.299675739 0.757983806 0.257349282 -0.519062952
1403715909.734058 -0.221305765 1.582693722 0.787810758 0.282757345 0.765105079 0.243885527 -0.524578260
1403715909.784058 -0.253806429 1.560937314 0.779844676 0.265475417 0.770923501 0.228430751 -0.531995442
1403715909.834058 -0.286126568 1.533431949 0.772529311 0.245918710 0.776548527 0.212856999 -0.539618635
1403715909.884058 -0.317478165 1.505183403 0.762486226 0.226680001 0.780210491 0.193852569 -0.549826289
1403715909.934058 -0.353001511 1.478186493 0.751124670 0.206281217 0.782333758 0.173839258 -0.561410600
1403715909.984058 -0.386144999 1.430124877 0.747314786 0.183516409 0.783940370 0.153146057 -0.572979502
1403715910.034058 -0.412393422 1.390433187 0.741351491 0.159873233 0.785801360 0.133116456 -0.582440367
1403715910.084058 -0.446673320 1.359965725 0.747871298 0.136427605 0.788497390 0.114612583 -0.588662322
1403715910.134058 -0.473413279 1.323727571 0.736004087 0.111346864 0.792374938 0.095431959 -0.592145737
1403715910.184058 -0.499982784 1.290240329 0.718900306 0.087162217 0.796526611 0.076224273 -0.593412139
1403715910.234058 -0.523574804 1.252252658 0.712954555 0.062452136 0.800364223 0.059612310 -0.593264876
1403715910.284058 -0.550102330 1.216958656 0.700276516 0.039739433 0.802348878 0.042459568 -0.594015354
1403715910.334058 -0.563187215 1.175165416 0.691379478 0.017979260 0.802819525 0.026181889 -0.595375566
1403715910.384058 -0.582945541 1.138675650 0.680262371 -0.002511759 0.801680373 0.011862697 -0.597629941
1403715910.434058 -0.597390147 1.104438590 0.675039315 -0.021906313 0.798388185 -0.001971800 -0.601741250
1403715910.484058 -0.611573963 1.068843857 0.665800538 -0.040565180 0.794518507 -0.014737250 -0.605704236
1403715910.534058 -0.622950041 1.032897018 0.657066973 -0.058509500 0.790640875 -0.027405254 -0.608861722
1403715910.584058 -0.639829394 0.990132219 0.635370852 -0.075898746 0.787393856 -0.039579732 -0.610478288
1403715910.634058 -0.646965497 0.953667408 0.627117587 -0.091778740 0.785318960 -0.052219578 -0.610019598
1403715910.684058 -0.651398620 0.916219775 0.620148162 -0.107270202 0.783388133 -0.064229723 -0.608827299
1403715910.734058 -0.654090719 0.879508065 0.613894997 -0.121628826 0.782165298 -0.077491464 -0.606150928
1403715910.784058 -0.655262262 0.844169143 0.608992628 -0.136471860 0.779950797 -0.089098768 -0.604246303
1403715910.834058 -0.653852202 0.807959702 0.605013768 -0.150718327 0.776987871 -0.101242616 -0.602763442
1403715910.884058 -0.649707108 0.772287328 0.601618684 -0.164907892 0.774250727 -0.113316053 -0.600417082
1403715910.934058 -0.642524490 0.737097784 0.597651946 -0.178925624 0.771724069 -0.125728340 -0.597176663
1403715910.984058 -0.631936660 0.700109872 0.593523404 -0.192765315 0.769362970 -0.138209742 -0.593144351
1403715911.034058 -0.617936550 0.667630792 0.588586513 -0.206131218 0.765409560 -0.151316742 -0.590560217
1403715911.084058 -0.600595560 0.635959458 0.584085743 -0.219338215 0.759588754 -0.164693477 -0.589738697
1403715911.134058 -0.574864133 0.609513986 0.578767872 -0.232157543 0.752918212 -0.178148001 -0.589474623
1403715911.184058 -0.586341090 0.573754207 0.554158369 -0.245576510 0.747105657 -0.191156029 -0.587353972
1403715911.234058 -0.566264107 0.545165014 0.550984050 -0.259388779 0.740988319 -0.203846626 -0.584893431
1403715911.284058 -0.543796682 0.518464643 0.547599626 -0.274307582 0.735661489 -0.215466812 -0.580630328
1403715911.334058 -0.519328817 0.493673910 0.544312753 -0.288559375 0.731436600 -0.227527502 -0.574425994
1403715911.384058 -0.488562937 0.465993952 0.539784147 -0.302798326 0.727010478 -0.239084568 -0.567985482
1403715911.434058 -0.460137057 0.444949540 0.535815923 -0.316745126 0.723272360 -0.250051116 -0.560378496
1403715911.484058 -0.419777197 0.417685019 0.545113571 -0.329725134 0.720599045 -0.259948821 -0.551765315
1403715911.534058 -0.387789689 0.400754981 0.540285614 -0.342792809 0.718417062 -0.269371607 -0.542041467
1403715911.584058 -0.347959895 0.381335816 0.533468244 -0.357347426 0.716849348 -0.276201136 -0.531171123
1403715911.634058 -0.313892783 0.367803334 0.528635793 -0.372257245 0.713611654 -0.282019949 -0.522156777
1403715911.684058 -0.278881204 0.356527077 0.522624440 -0.387735780 0.709790434 -0.286199250 -0.513759180
1403715911.734058 -0.244414308 0.345303883 0.520803748 -0.403632251 0.703434173 -0.289487990 -0.508387720
1403715911.784058 -0.206941192 0.335100053 0.521945494 -0.418349710 0.696649970 -0.293133092 -0.503721480
1403715911.834058 -0.171363011 0.325126048 0.526525598 -0.431247295 0.690084172 -0.298757237 -0.498551621
1403715911.884058 -0.116760451 0.328806663 0.486867231 -0.443568343 0.682264490 -0.305179333 -0.494598692
1403715911.934058 -0.078736035 0.320584027 0.495563711 -0.454156759 0.675552520 -0.311515028 -0.490233433
1403715911.984058 -0.040111329 0.311320127 0.507722548 -0.462979007 0.669195528 -0.318942546 -0.485904762
1403715912.034058 -0.001252615 0.303717327 0.522329082 -0.471030799 0.664074527 -0.325659077 -0.480709033
1403715912.084058 0.039104050 0.295958026 0.539133856 -0.477732434 0.659276193 -0.333112860 -0.475565396
1403715912.134058 0.081220242 0.291424544 0.556781665 -0.483014215 0.655074075 -0.341025669 -0.470400593
1403715912.184058 0.122305521 0.282558176 0.574215338 -0.489256245 0.650340468 -0.347629601 -0.465660029
1403715912.234058 0.159844756 0.269081640 0.582836911 -0.495318411 0.645787440 -0.354692648 -0.460229703
1403715912.284058 0.198012115 0.260456553 0.597310275 -0.501136368 0.640716364 -0.361098559 -0.456018325
1403715912.334058 0.237695629 0.254737382 0.611228409 -0.506990887 0.635368846 -0.367300645 -0.452058521
1403715912.384058 0.276462500 0.247522291 0.624194387 -0.513582438 0.629956579 -0.372579319 -0.447853144
1403715912.434058 0.304374823 0.234742380 0.638236544 -0.520811507 0.624910445 -0.377696262 -0.442253144
1403715912.484058 0.338436597 0.230157682 0.650341909 -0.528127761 0.618920143 -0.383189261 -0.437246973
1403715912.534058 0.373565330 0.222651466 0.663660436 -0.535475822 0.612663055 -0.388994502 -0.431964006
1403715912.584058 0.410225219 0.222766912 0.685556590 -0.543456681 0.605919371 -0.395685150 -0.425381962
1403715912.634058 0.426853880 0.217846093 0.700221843 -0.551115789 0.598549860 -0.402887229 -0.419155498
1403715912.684058 0.467155506 0.217261161 0.712755012 -0.560793796 0.589495256 -0.409184587 -0.413005612
1403715912.734058 0.502228964 0.215946655 0.728179696 -0.570246241 0.579697036 -0.417158573 -0.405893208
1403715912.784058 0.536641964 0.215535653 0.741181637 -0.580725433 0.568773107 -0.425471564 -0.397780181
1403715912.834058 0.581131891 0.171114545 0.762282562 -0.591713681 0.558015410 -0.431632473 -0.390111689
1403715912.884058 0.616406466 0.169781564 0.771803244 -0.603858818 0.544626988 -0.440404948 -0.380498954
1403715912.934058 0.650586032 0.168645710 0.778737742 -0.616654513 0.530328634 -0.448490606 -0.370600765
1403715912.984058 0.686654878 0.170024942 0.781006054 -0.628716456 0.515588405 -0.456835902 -0.360811825
1403715913.034058 0.719783243 0.170410091 0.780639857 -0.639700250 0.501632766 -0.465785430 -0.349559854
1403715913.084058 0.757485091 0.171390810 0.777828157 -0.650964156 0.486565642 -0.473295412 -0.339839663
1403715913.134058 0.790153541 0.171027635 0.771816416 -0.661816683 0.471151630 -0.480693203 -0.330074029
1403715913.184058 0.821973981 0.173250389 0.764749215 -0.671208574 0.455409550 -0.489205138 -0.320561267
1403715913.234058 0.852832496 0.176075172 0.757825054 -0.678767053 0.439186117 -0.498554327 -0.312784951
1403715913.284058 0.892796041 0.177248498 0.752609765 -0.686968678 0.421586931 -0.505662114 -0.307643173
1403715913.334058 0.922320603 0.180924376 0.746481465 -0.694219158 0.403999058 -0.511652037 -0.305051987
1403715913.384058 0.964530681 0.185021233 0.746070119 -0.701481573 0.387267146 -0.515092791 -0.304347133
1403715913.434058 0.993210050 0.191193487 0.741023162 -0.706386762 0.372770960 -0.519103074 -0.304288600
1403715913.484058 1.024373980 0.199011432 0.736295454 -0.709414630 0.360067923 -0.523028372 -0.305815788
1403715913.534058 1.052020009 0.209558286 0.731916798 -0.712173441 0.348455163 -0.525119425 -0.309253260
1403715913.584058 1.079001761 0.223350598 0.727445321 -0.715382833 0.335487193 -0.524446322 -0.317225158
1403715913.634058 1.103580035 0.236676430 0.718208083 -0.717429610 0.325778109 -0.523864636 -0.323618944
1403715913.684058 1.145074216 0.253445162 0.717277216 -0.718983814 0.317755849 -0.523123174 -0.329295673
1403715913.734058 1.174275173 0.277953343 0.712678707 -0.720569814 0.314600794 -0.522141575 -0.330414375
1403715913.784058 1.215937372 0.276131818 0.685717997 -0.722814841 0.315725972 -0.520167484 -0.327538709
1403715913.834058 1.249162487 0.306636580 0.680417466 -0.725718957 0.319575414 -0.516851318 -0.322596133
1403715913.884058 1.292557852 0.363201050 0.690372980 -0.728295780 0.323966151 -0.513671082 -0.317447964
1403715913.934058 1.328571695 0.401252347 0.688053481 -0.730025745 0.329268329 -0.511191593 -0.311974251
1403715913.984058 1.375159675 0.425062286 0.689814884 -0.731441439 0.333467631 -0.509127300 -0.307542115
1403715914.034058 1.414230313 0.467086243 0.689701332 -0.732054698 0.336944992 -0.507033995 -0.305745841
1403715914.084058 1.458571997 0.505674779 0.695341435 -0.732356163 0.338738981 -0.504792636 -0.306748671
1403715914.134058 1.500486950 0.551192396 0.696761713 -0.732224381 0.341130754 -0.502820635 -0.307650246
1403715914.184058 1.543414107 0.600157621 0.699430800 -0.730450709 0.346007455 -0.502865818 -0.306343878
1403715914.234058 1.590446832 0.645940234 0.703060651 -0.729358036 0.356708837 -0.501031066 -0.299605628
1403715914.284058 1.634741904 0.698919744 0.705278310 -0.728184686 0.368948626 -0.497732924 -0.293062981
1403715914.334058 1.681123069 0.749034014 0.706144587 -0.727736360 0.381715540 -0.492101537 -0.287278810
1403715914.384058 1.727230018 0.803276991 0.706828986 -0.727839519 0.394637500 -0.484513440 -0.282413889
1403715914.434058 1.774358752 0.852703861 0.709470069 -0.727408319 0.406992532 -0.476703768 -0.279262840
1403715914.484058 1.821939956 0.900990167 0.712821516 -0.726469154 0.417590416 -0.468887881 -0.279293695
1403715914.534058 1.865774738 0.965946575 0.725786646 -0.724466210 0.428111222 -0.462080478 -0.279912707
1403715914.584058 1.914849392 1.017399982 0.726502553 -0.721169179 0.438680277 -0.456699666 -0.280891518
1403715914.634058 1.965485857 1.061823541 0.729357157 -0.716918848 0.451544248 -0.451808078 -0.279293068
1403715914.684058 2.015927139 1.108844863 0.728143860 -0.711082538 0.466427328 -0.448171308 -0.275589643
1403715914.734058 2.072067331 1.146588765 0.736267641 -0.704055995 0.482339484 -0.445212868 -0.270996826
1403715914.784058 2.123802668 1.185498863 0.733655528 -0.694784207 0.501096727 -0.444511828 -0.261889691
1403715914.834058 2.173712034 1.216461665 0.735794989 -0.686703537 0.517385581 -0.443395690 -0.253279835
1403715914.884058 2.225068537 1.243577791 0.714464486 -0.677613134 0.532858113 -0.443262674 -0.245806580
1403715914.934058 2.271886937 1.279808830 0.717039426 -0.671353030 0.543319706 -0.442775433 -0.240912270
1403715914.984058 2.315908821 1.298585951 0.717992630 -0.665883329 0.551057747 -0.442716680 -0.238614108
1403715915.034058 2.356231001 1.309592749 0.720263995 -0.660855636 0.557738528 -0.443132396 -0.236286358
1403715915.084058 2.394429048 1.315616346 0.723149807 -0.656707560 0.562568305 -0.444023515 -0.234723672
1403715915.134058 2.427939676 1.314776443 0.726116301 -0.654007767 0.565051862 -0.444419376 -0.235545436
1403715915.184058 2.480071158 1.300549098 0.735758010 -0.650603013 0.566387941 -0.445957558 -0.238835250
1403715915.234058 2.507376682 1.287402818 0.741023358 -0.649224208 0.561156358 -0.448626587 -0.249691119
1403715915.284058 2.531354816 1.269948672 0.746902807 -0.649007321 0.552841110 -0.451342069 -0.263527115
1403715915.334058 2.555637650 1.248291451 0.751378238 -0.651195498 0.541666780 -0.451728686 -0.280147671
1403715915.384058 2.578413612 1.225332497 0.756269390 -0.653410470 0.530363449 -0.452311127 -0.295269393
1403715915.434058 2.598659250 1.192390306 0.756454579 -0.656444403 0.520526804 -0.451040268 -0.307725966
1403715915.484058 2.617478568 1.164019084 0.752393204 -0.658127549 0.512899607 -0.451285011 -0.316455308
1403715915.534058 2.637547344 1.136390446 0.744538105 -0.658827943 0.507477490 -0.452031002 -0.322614804
1403715915.584058 2.655635493 1.105431476 0.733488896 -0.660011382 0.501809320 -0.452651917 -0.328144211
1403715915.634058 2.673147921 1.074577893 0.718812971 -0.662126253 0.495764149 -0.451483982 -0.334617613
1403715915.684058 2.694793085 1.039871737 0.707004126 -0.664504258 0.490818934 -0.450215710 -0.338875610
1403715915.734058 2.715654326 1.007775266 0.691242859 -0.666692231 0.489466916 -0.448823435 -0.338380158
1403715915.784058 2.748454606 0.973621309 0.687138284 -0.670430485 0.488848576 -0.447682276 -0.333362588
1403715915.834058 2.768731959 0.939938185 0.670982819 -0.672457071 0.490581472 -0.446222869 -0.328658573
1403715915.884058 2.788393439 0.904419998 0.655395055 -0.675002229 0.492397226 -0.444060418 -0.323615990
1403715915.934058 2.809545003 0.869005581 0.640117125 -0.676863995 0.493840115 -0.442616286 -0.319480668
1403715915.984058 2.829146806 0.831484071 0.626585649 -0.676810276 0.493314280 -0.444524750 -0.317752448
1403715916.034058 2.845404028 0.787280894 0.626334557 -0.674762995 0.492940983 -0.447954234 -0.317869616
1403715916.084058 2.866212738 0.748524660 0.612553064 -0.672271273 0.492057914 -0.451109354 -0.320047957
1403715916.134058 2.886972571 0.708332276 0.598747298 -0.669892660 0.492893525 -0.451594477 -0.323051427
1403715916.184058 2.908470576 0.666598431 0.584623503 -0.664867768 0.495052653 -0.452798016 -0.328401702
1403715916.234058 2.929353502 0.624996747 0.569755076 -0.658849292 0.499238683 -0.453078900 -0.333763177
1403715916.284058 2.944372466 0.585861830 0.548349716 -0.652575359 0.504792121 -0.451365863 -0.339998784
1403715916.334058 2.962902856 0.544288728 0.534631459 -0.645010151 0.511605795 -0.448843760 -0.347506395
1403715916.384058 2.987136303 0.483990665 0.516697142 -0.636014262 0.520934956 -0.445277358 -0.354740336
1403715916.434058 3.001847780 0.437180319 0.502498484 -0.627211545 0.530065183 -0.442568716 -0.360235357
1403715916.484058 3.019409533 0.393404840 0.488447944 -0.617425558 0.541273276 -0.438493212 -0.365421160
1403715916.534058 3.038664580 0.346097854 0.472440458 -0.607643438 0.553579858 -0.432876389 -0.370049761
1403715916.584058 3.063278557 0.301645002 0.456983615 -0.597759897 0.564604323 -0.426250311 -0.377115018
1403715916.634058 3.079246239 0.261029695 0.444899855 -0.586098277 0.577363439 -0.421439257 -0.381482924
1403715916.684058 3.093723223 0.220045992 0.432796819 -0.574410670 0.589465076 -0.417471600 -0.385098391
1403715916.734058 3.108392960 0.187347910 0.424095701 -0.563053571 0.600310898 -0.415497727 -0.387245581
1403715916.784058 3.123087432 0.152691217 0.410241606 -0.552792062 0.610099520 -0.414381193 -0.387927493
1403715916.834058 3.134770122 0.111378701 0.397871459 -0.542895250 0.619306590 -0.412640018 -0.389168742
1403715916.884058 3.144827484 0.070301808 0.386565171 -0.531495827 0.628436146 -0.414724573 -0.388051187
1403715916.934058 3.153206560 0.024917581 0.380031487 -0.521507115 0.634759344 -0.415986115 -0.389956992
1403715916.984058 3.159204235 -0.016650728 0.371663573 -0.512906543 0.640324050 -0.417250909 -0.390913888
1403715917.034058 3.161754652 -0.059134553 0.366506433 -0.505329504 0.644105739 -0.418838158 -0.392867010
1403715917.084058 3.158748802 -0.099908686 0.360708706 -0.499495309 0.643437530 -0.418921321 -0.401244948
1403715917.134058 3.155126535 -0.137528246 0.357026737 -0.493472932 0.638270231 -0.419216098 -0.416357346
1403715917.184058 3.145280921 -0.176771894 0.356124038 -0.490757246 0.630404796 -0.413309250 -0.436946887
1403715917.234058 3.133641885 -0.213986449 0.355181489 -0.488258407 0.622698066 -0.405398023 -0.457715293
1403715917.284058 3.117722118 -0.244453041 0.353545894 -0.485247049 0.619342076 -0.396900234 -0.472674199
1403715917.334058 3.105226255 -0.274780224 0.351701429 -0.480763974 0.617477037 -0.390209623 -0.485102629
1403715917.384058 3.075999889 -0.295668361 0.353879282 -0.478393136 0.617229159 -0.386209226 -0.490928311
1403715917.434058 3.063965523 -0.320806220 0.352758166 -0.475423274 0.619295723 -0.381882173 -0.494582171
1403715917.484058 3.056810691 -0.346651704 0.351849192 -0.472718601 0.625826887 -0.379954125 -0.490420937
1403715917.534058 3.046938142 -0.366945107 0.349993443 -0.472092609 0.633495140 -0.376157087 -0.484064379
1403715917.584058 3.042525397 -0.389047269 0.346518060 -0.470047971 0.641736630 -0.376018552 -0.475225264
1403715917.634058 3.033279398 -0.405985865 0.342374689 -0.467667287 0.647463139 -0.377212248 -0.468817355
1403715917.684058 3.027809885 -0.425561475 0.335447203 -0.464075592 0.650202571 -0.381160259 -0.465389426
1403715917.734058 3.017293803 -0.440540560 0.329801732 -0.459602551 0.649646942 -0.387040300 -0.465751170
1403715917.784058 3.009848328 -0.455729394 0.321885638 -0.456438369 0.646812424 -0.391610032 -0.468976850
1403715917.834058 2.997784381 -0.465906383 0.316564070 -0.454259591 0.642729225 -0.395419086 -0.473488241
1403715917.884058 3.003077873 -0.490144819 0.322923483 -0.455319235 0.637378250 -0.398814240 -0.476844379
1403715917.934058 2.991079911 -0.495311486 0.320423600 -0.456053981 0.633325981 -0.399422379 -0.481014273
1403715917.984058 2.978881499 -0.497056406 0.317939296 -0.458351156 0.629289322 -0.398546541 -0.484839996
1403715918.034058 2.966178506 -0.494844102 0.317888780 -0.461365223 0.625935384 -0.394834559 -0.489339041
1403715918.084058 2.953882156 -0.491524454 0.315564104 -0.464732944 0.624637604 -0.387799116 -0.493419700
1403715918.134058 2.941327235 -0.482365570 0.315328551 -0.467546143 0.625289422 -0.378693787 -0.496995733
1403715918.184058 2.931092005 -0.473222850 0.309442625 -0.467614320 0.626026654 -0.371207208 -0.501630028
1403715918.234058 2.920240296 -0.458464932 0.309154081 -0.463023916 0.629084692 -0.368210996 -0.504263786
1403715918.284058 2.910648585 -0.439235943 0.306886233 -0.456082392 0.633989939 -0.367156979 -0.505214174
1403715918.334058 2.901899974 -0.418895533 0.302883617 -0.447980054 0.643417988 -0.366766612 -0.500808762
1403715918.384058 2.895686253 -0.393450135 0.291510963 -0.440139962 0.655112002 -0.365696047 -0.493326951
1403715918.434058 2.888057756 -0.368582404 0.280044679 -0.432130091 0.667393599 -0.363659099 -0.485387915
1403715918.484058 2.876559320 -0.326097837 0.244908084 -0.425960904 0.678315286 -0.361202123 -0.477471159
1403715918.534058 2.868948581 -0.312672106 0.210683968 -0.417269457 0.689114847 -0.356182302 -0.473435418
1403715918.584058 2.859307572 -0.282079286 0.189647766 -0.410299320 0.697350443 -0.352514599 -0.470202386
1403715918.634058 2.847630028 -0.250452310 0.168144612 -0.405915875 0.702895498 -0.347349538 -0.469593995
1403715918.684058 2.834410882 -0.221080686 0.148485594 -0.403824228 0.706387918 -0.340315761 -0.471303815
1403715918.734058 2.819289562 -0.187232498 0.131868204 -0.405249946 0.708683707 -0.331069922 -0.473215165
1403715918.784058 2.802539508 -0.152790412 0.119552888 -0.408418899 0.708915634 -0.320566906 -0.477356770
1403715918.834058 2.783441909 -0.120535317 0.109550557 -0.413690755 0.710287557 -0.308834496 -0.478511023
1403715918.884058 2.765716295 -0.095501521 0.101111473 -0.420181742 0.712547311 -0.296725037 -0.477156039
1403715918.934058 2.747202352 -0.064616059 0.097448036 -0.425757687 0.715740393 -0.286975619 -0.473382589
1403715918.984058 2.729264291 -0.036696905 0.096729087 -0.430277956 0.719589864 -0.279485392 -0.467909418
1403715919.034058 2.711575599 -0.012026406 0.096898349 -0.434337296 0.723234972 -0.272596901 -0.462572392
1403715919.084058 2.690477317 0.010437009 0.098148197 -0.439302018 0.724763304 -0.265650309 -0.459523452
1403715919.134058 2.670385092 0.032866444 0.107023358 -0.444463918 0.723085346 -0.259335847 -0.460808340
1403715919.184058 2.651246431 0.049748572 0.117238102 -0.450510676 0.718362590 -0.252714364 -0.465972928
1403715919.234058 2.631262850 0.064941791 0.127394947 -0.456116672 0.712032322 -0.246860205 -0.473315532
1403715919.284058 2.612702969 0.074413509 0.138452004 -0.460558339 0.703672723 -0.243577082 -0.483115846
1403715919.334058 2.593820494 0.074074878 0.146892116 -0.464313252 0.695772380 -0.240573212 -0.492380471
1403715919.384058 2.578522242 0.077912524 0.153594455 -0.463367739 0.691907647 -0.244170173 -0.496925621
1403715919.434058 2.565111766 0.081169819 0.156024156 -0.459038314 0.691888605 -0.252009005 -0.497056783
1403715919.484058 2.552364799 0.078848568 0.155064457 -0.453905214 0.692614564 -0.260498670 -0.496382478
1403715919.534058 2.541987232 0.078316122 0.150244457 -0.448915623 0.693455037 -0.268173152 -0.495659193
1403715919.584058 2.532630201 0.076493491 0.142008204 -0.444716211 0.693970455 -0.274448989 -0.495288049
1403715919.634058 2.524232297 0.073337118 0.130323774 -0.441435806 0.694706013 -0.278959432 -0.494671224
1403715919.684058 2.519597419 0.063956981 0.117584608 -0.439795627 0.694991512 -0.280647825 -0.494776114
1403715919.734058 2.513689156 0.058589154 0.100443470 -0.439644657 0.694654986 -0.280322553 -0.495566638
1403715919.784058 2.511126047 0.047519504 0.081888242 -0.440830144 0.693251007 -0.277788942 -0.497900723
1403715919.834058 2.506707833 0.039864459 0.061540201 -0.441533003 0.692403676 -0.276628749 -0.499101485
1403715919.884058 2.507435052 0.023098436 0.041250059 -0.442695128 0.691743328 -0.274754000 -0.500022431
1403715919.934058 2.506607819 0.012545500 0.020157409 -0.443896073 0.692901963 -0.273637851 -0.497961316
1403715919.984058 2.511608640 -0.004718074 0.003307238 -0.444903933 0.696156713 -0.272495891 -0.493125046
1403715920.034058 2.516119859 -0.021137110 -0.011560299 -0.446220847 0.698689527 -0.271327542 -0.488979821
1403715920.084058 2.520194410 -0.041988745 -0.029713083 -0.446357778 0.701373764 -0.271136756 -0.485102501
1403715920.134058 2.524840434 -0.058345482 -0.038614012 -0.446768511 0.703582721 -0.271709707 -0.481189242
1403715920.184058 2.530701747 -0.074512581 -0.045232029 -0.446657222 0.705193568 -0.272961640 -0.478216793
1403715920.234058 2.536714796 -0.094362151 -0.047428688 -0.445687135 0.706705264 -0.276210702 -0.475013995
1403715920.284058 2.539757810 -0.119933198 -0.043459811 -0.443823427 0.705897106 -0.282357663 -0.474346067
1403715920.334058 2.545704732 -0.143412275 -0.038565171 -0.442009788 0.703770634 -0.289803280 -0.474708648
1403715920.384058 2.550187222 -0.169470526 -0.031388389 -0.441234225 0.701724460 -0.295608657 -0.474879630
1403715920.434058 2.557735632 -0.192754303 -0.023883027 -0.438806516 0.699030660 -0.303153841 -0.476343076
1403715920.484058 2.561239983 -0.223094453 -0.011622905 -0.437200707 0.696150996 -0.309445444 -0.477988337
1403715920.534058 2.566386754 -0.251000275 -0.000933943 -0.434812238 0.692717158 -0.316236322 -0.480703490
1403715920.584058 2.571113514 -0.278317638 0.010133446 -0.432398739 0.689371000 -0.322212252 -0.483712952
1403715920.634058 2.575524919 -0.305029699 0.018890484 -0.430069681 0.686414119 -0.327877203 -0.486181311
1403715920.684058 2.580161517 -0.328429462 0.028433073 -0.428354708 0.682830852 -0.333316667 -0.489034019
1403715920.734058 2.593218723 -0.345681030 0.037936469 -0.427016371 0.679343738 -0.336941172 -0.492564464
1403715920.784058 2.590566737 -0.369798075 0.045898786 -0.428085307 0.675181403 -0.342287351 -0.493672373
1403715920.834058 2.595918148 -0.390022689 0.062432478 -0.431372063 0.671339516 -0.345161204 -0.494049735
1403715920.884058 2.601206305 -0.408774341 0.081373699 -0.435464348 0.669173530 -0.348254255 -0.491219464
1403715920.934058 2.607354865 -0.424663031 0.102651619 -0.440347624 0.668254908 -0.352072969 -0.485359632
1403715920.984058 2.611434148 -0.438370022 0.125695551 -0.446726664 0.669607622 -0.354358616 -0.475910592
1403715921.034058 2.616694104 -0.448829460 0.149879174 -0.453696509 0.669987376 -0.356578629 -0.467041834
1403715921.084058 2.616399052 -0.462541169 0.181433418 -0.461881404 0.669763714 -0.357493514 -0.458563545
1403715921.134058 2.619019376 -0.471856829 0.208820176 -0.469596862 0.668178865 -0.358139513 -0.452495172
1403715921.184058 2.622749309 -0.480173379 0.236553340 -0.475496227 0.665118853 -0.359390167 -0.449843260
1403715921.234058 2.623112311 -0.488249117 0.263992161 -0.481351865 0.662718010 -0.359597422 -0.446984245
1403715921.284058 2.625217193 -0.496564110 0.292318185 -0.486922970 0.659440808 -0.358524795 -0.446658499
1403715921.334058 2.623716324 -0.504014779 0.318938608 -0.492875006 0.656822094 -0.355948153 -0.446049189
1403715921.384058 2.620497098 -0.515149667 0.347617344 -0.498211575 0.654682463 -0.352748174 -0.445808058
1403715921.434058 2.617749188 -0.522985868 0.374329580 -0.503152814 0.652639856 -0.349258476 -0.446001100
1403715921.484058 2.615251775 -0.532293551 0.402500031 -0.506253642 0.651451771 -0.347351844 -0.445718001
1403715921.534058 2.612359841 -0.541573258 0.430668913 -0.508235392 0.650356701 -0.346355346 -0.445837328
1403715921.584058 2.609422889 -0.551536178 0.460800316 -0.509498555 0.649764402 -0.345647003 -0.445808920
1403715921.634058 2.610132435 -0.561614393 0.497353746 -0.510201312 0.648464413 -0.345467060 -0.447035833
1403715921.684058 2.605217734 -0.584953668 0.529569312 -0.508855141 0.650109246 -0.344555114 -0.446884982
1403715921.734058 2.603921150 -0.599343789 0.567812695 -0.507944124 0.650995114 -0.345074076 -0.446230895
1403715921.784058 2.603340043 -0.614902635 0.609220052 -0.504745435 0.652489969 -0.348937147 -0.444670388
1403715921.834058 2.601352943 -0.628832160 0.643498552 -0.501943366 0.654031385 -0.351057443 -0.443908184
1403715921.884058 2.600432105 -0.644000035 0.678926004 -0.499306954 0.655489316 -0.353557478 -0.442745335
1403715921.934058 2.598523358 -0.659132445 0.711804234 -0.497000279 0.655873710 -0.355342652 -0.443341853
1403715921.984058 2.596428354 -0.674121458 0.741618664 -0.495280509 0.656607848 -0.356140809 -0.443539260
1403715922.034058 2.592575783 -0.685410087 0.771827564 -0.494555684 0.656532399 -0.355612796 -0.444881358
1403715922.084058 2.590042866 -0.700653633 0.801313157 -0.493544216 0.655468180 -0.355522664 -0.447637362
1403715922.134058 2.586444442 -0.716156473 0.833487834 -0.490984986 0.654697118 -0.357591110 -0.449926689
1403715922.184058 2.583778126 -0.730688071 0.868411189 -0.488673627 0.653003648 -0.359618419 -0.453275760
1403715922.234058 2.590182350 -0.742224875 0.907167477 -0.485574705 0.651132690 -0.362037123 -0.457353853
1403715922.284058 2.589782951 -0.753084167 0.948809021 -0.483642427 0.649267124 -0.363838364 -0.460612473
1403715922.334058 2.586647734 -0.766008937 0.992946094 -0.482958908 0.647230045 -0.364357849 -0.463775075
1403715922.384058 2.582622971 -0.777327925 1.036975472 -0.483968578 0.645188782 -0.363088198 -0.466554189
1403715922.434058 2.579520207 -0.787391346 1.080354704 -0.486123622 0.643510023 -0.360333496 -0.468762675
1403715922.484058 2.575824171 -0.796824719 1.120686238 -0.486577652 0.643052379 -0.360381954 -0.468882367
1403715922.534058 2.553577868 -0.822043660 1.161614892 -0.484898756 0.644537728 -0.360834795 -0.468233451
1403715922.584058 2.550789043 -0.828692605 1.200161376 -0.483184355 0.644606772 -0.363733514 -0.467667531
1403715922.634058 2.547467964 -0.834080700 1.239097273 -0.481690681 0.644458015 -0.366579292 -0.467191157
1403715922.684058 2.543746886 -0.837971735 1.274656337 -0.480873477 0.644476649 -0.367922253 -0.466951565
1403715922.734058 2.539942808 -0.840497676 1.306531127 -0.481631722 0.644208957 -0.367295341 -0.467033015
1403715922.784058 2.538374619 -0.842590953 1.332282628 -0.483507460 0.643212152 -0.365296283 -0.468035564
1403715922.834058 2.534962270 -0.842835814 1.356149822 -0.485932385 0.642403624 -0.362421110 -0.468869108
1403715922.884058 2.533134331 -0.844446326 1.375936699 -0.488057095 0.641632502 -0.359798472 -0.469737229
1403715922.934058 2.530516152 -0.843351828 1.392079387 -0.489901369 0.641280875 -0.357524046 -0.470034089
1403715922.984058 2.531931513 -0.842109751 1.407411937 -0.491049072 0.640362754 -0.356169798 -0.471115089
1403715923.034058 2.530711964 -0.839891221 1.421040139 -0.492295226 0.639805570 -0.354698313 -0.471681408
1403715923.084058 2.534785318 -0.837014857 1.433776685 -0.493315714 0.639886179 -0.353032315 -0.471755730
1403715923.134058 2.535719850 -0.832865226 1.447811797 -0.494694611 0.640515302 -0.351574637 -0.470545071
1403715923.184058 2.541682988 -0.827598277 1.463534376 -0.496487448 0.641887941 -0.349150213 -0.468587468
1403715923.234058 2.544702322 -0.822086201 1.482684728 -0.498470371 0.643837633 -0.346430040 -0.465818227
1403715923.284058 2.554159428 -0.818130076 1.506766723 -0.499399789 0.646453058 -0.345440762 -0.461918796
1403715923.334058 2.559641810 -0.812333149 1.532110040 -0.498744886 0.649139058 -0.346732371 -0.457874093
1403715923.384058 2.567109938 -0.813841477 1.552994949 -0.496553432 0.653062314 -0.349981784 -0.452169276
1403715923.434058 2.573063122 -0.809151241 1.576574576 -0.493653050 0.655841582 -0.354418188 -0.447846217
1403715923.484058 2.578232941 -0.804549176 1.594768681 -0.490411987 0.658755511 -0.359218513 -0.443282438
1403715923.534058 2.582831040 -0.800230884 1.612439178 -0.486735823 0.661180000 -0.364430934 -0.439453456
1403715923.584058 2.592096291 -0.798926610 1.624654055 -0.483079875 0.663045104 -0.369337049 -0.436572066
1403715923.634058 2.594814052 -0.794484948 1.633324298 -0.479973767 0.664423290 -0.373742034 -0.434147171
1403715923.684058 2.596203031 -0.789734569 1.636070643 -0.477357418 0.665187882 -0.377448331 -0.432651978
1403715923.734058 2.596178820 -0.784473323 1.632580987 -0.475325761 0.665160565 -0.380716143 -0.432067197
1403715923.784058 2.595486525 -0.777884684 1.620849874 -0.473084468 0.664462620 -0.383981513 -0.432710886
1403715923.834058 2.592214634 -0.771480465 1.607614324 -0.472220037 0.662157490 -0.385624810 -0.435716882
1403715923.884058 2.589801889 -0.763874290 1.589890279 -0.470629738 0.658448878 -0.388115958 -0.440815980
1403715923.934058 2.594411572 -0.749494202 1.570632532 -0.468584873 0.654565144 -0.390716316 -0.446445349
1403715923.984058 2.587378734 -0.740640319 1.548037587 -0.468359813 0.650264326 -0.391514051 -0.452230184
1403715924.034058 2.578726819 -0.729585358 1.523480963 -0.468724093 0.646880511 -0.391356531 -0.456818777
1403715924.084058 2.569341076 -0.717501073 1.495231568 -0.470122834 0.643472975 -0.389158683 -0.462041741
1403715924.134058 2.559080778 -0.702635109 1.466526014 -0.472494953 0.640959701 -0.386395127 -0.465422375
1403715924.184058 2.547651434 -0.688806134 1.439541640 -0.474538286 0.639673349 -0.383604484 -0.467417395
1403715924.234058 2.536370358 -0.670537079 1.410635594 -0.477697882 0.639358832 -0.379270139 -0.468165760
1403715924.284058 2.527028696 -0.650451715 1.382500997 -0.479441573 0.639798991 -0.377101948 -0.467533047
1403715924.334058 2.515818684 -0.628794363 1.354632390 -0.482329033 0.640547609 -0.372933619 -0.466881120
1403715924.384058 2.504151641 -0.607800111 1.325726148 -0.484961110 0.642269621 -0.368775301 -0.465088414
1403715924.434058 2.493385609 -0.584118622 1.298502373 -0.486427467 0.645149370 -0.366246778 -0.461555963
1403715924.484058 2.482644642 -0.559822890 1.271445971 -0.489143212 0.648526392 -0.362001374 -0.457282672
1403715924.534058 2.475986092 -0.535676661 1.220863535 -0.489287785 0.653893332 -0.356737384 -0.453607114
1403715924.584058 2.462829469 -0.516373403 1.198939782 -0.489275200 0.657307595 -0.353653906 -0.451093581
1403715924.634058 2.451389341 -0.491871396 1.172386419 -0.487135996 0.661465361 -0.354382818 -0.446738083
1403715924.684058 2.437787325 -0.467257638 1.145659317 -0.482388969 0.666252759 -0.355735093 -0.443689855
1403715924.734058 2.423888649 -0.443017092 1.119500174 -0.475636626 0.670750497 -0.356881648 -0.443282145
1403715924.784058 2.408076291 -0.418908491 1.092188975 -0.468384745 0.675565048 -0.356598247 -0.443920362
1403715924.834058 2.390732093 -0.395102834 1.066745273 -0.459667937 0.679910468 -0.355402267 -0.447343684
1403715924.884058 2.369492638 -0.370723908 1.040859584 -0.450498214 0.685095787 -0.352240689 -0.451244523
1403715924.934058 2.342703029 -0.352628157 1.014173519 -0.439272448 0.689712033 -0.349053418 -0.457710322
