1413394883.755760 0.000000000 0.000000000 0.000000000 -0.009605970 -0.798182997 0.000000000 0.602338467
1413394883.805761 0.000080092 -0.000111733 0.000117053 -0.009575649 -0.798149691 -0.000091781 0.602383075
1413394883.855761 0.000156258 -0.000126988 0.000316512 -0.009732806 -0.798125273 0.000025947 0.602412915
1413394883.905761 0.000215553 -0.000055231 0.000522683 -0.009808937 -0.797989143 -0.000063632 0.602591991
1413394883.955760 0.000292913 0.000039534 0.000781254 -0.009804184 -0.798050803 -0.000060239 0.602510407
1413394884.005761 0.000326476 0.000166219 0.001069242 -0.009749336 -0.798038468 -0.000104647 0.602527628
1413394884.055760 0.000307709 0.000337468 0.001462842 -0.009898612 -0.797941767 -0.000026855 0.602653261
1413394884.105761 0.000267004 0.000582752 0.001820531 -0.009797825 -0.797987893 -0.000113744 0.602593820
1413394884.155761 0.000265602 0.000883540 0.002303834 -0.009904936 -0.797989469 -0.000059612 0.602589990
1413394884.205761 0.001061232 0.000104530 0.001146239 -0.009697509 -0.798007065 -0.000149962 0.602570045
1413394884.255760 0.001214674 0.000346475 0.001532382 -0.009688178 -0.798069560 -0.000070749 0.602487437
1413394884.305761 0.001268021 0.000588181 0.001922479 -0.009638054 -0.798108888 -0.000114573 0.602436136
1413394884.355761 0.001372497 0.000511097 0.001790178 -0.009472778 -0.798194243 -0.000183266 0.602325645
1413394884.405761 0.001532447 0.000818817 0.002166584 -0.009499375 -0.798123950 -0.000048411 0.602418393
1413394884.455760 0.001631510 0.001180638 0.002621129 -0.009596433 -0.798143130 -0.000211054 0.602391407
1413394884.505761 0.001664289 0.001571586 0.003038917 -0.009629892 -0.798225156 -0.000239222 0.602282167
1413394884.555760 0.001819109 0.001994268 0.003421448 -0.009573465 -0.798195156 -0.000225463 0.602322829
1413394884.605761 0.001934783 0.002496231 0.003822048 -0.009590405 -0.798205670 -0.000230024 0.602308624
1413394884.655761 0.002033395 0.003011150 0.004185375 -0.009662447 -0.798192566 -0.000223963 0.602324841
1413394884.705761 0.000129043 0.000126308 0.003539348 -0.009495489 -0.798043792 -0.000405800 0.602524504
1413394884.755760 0.000208639 0.000458692 0.003898763 -0.009456473 -0.798042961 -0.000634688 0.602526020
1413394884.805761 -0.001009341 -0.002876114 0.003209915 -0.009258894 -0.797780616 -0.000796704 0.602876212
1413394884.855761 -0.000728056 -0.002810324 0.003549062 -0.009132063 -0.797696748 -0.000838178 0.602989055
1413394884.905761 0.000502236 -0.003384966 0.001551863 -0.009665713 -0.797858024 -0.000668137 0.602767535
1413394884.955760 0.000789180 -0.003344494 0.001682749 -0.009604792 -0.797719379 -0.000638502 0.602952016
1413394885.005761 0.000674599 -0.002333205 -0.000155119 -0.009856972 -0.797795398 -0.000458515 0.602847521
1413394885.055760 0.000913547 -0.002112276 -0.000082306 -0.009798843 -0.797835013 -0.000273801 0.602796152
1413394885.105761 0.000901367 -0.002322986 0.001000090 -0.010233521 -0.797999660 -0.000323632 0.602570920
1413394885.155761 0.001372842 -0.001375866 -0.002720099 -0.009721859 -0.797478153 -0.000459249 0.603269318
1413394885.205761 0.001711769 -0.001258420 -0.002551629 -0.009766790 -0.797547414 -0.000409995 0.603177058
1413394885.255760 0.002304508 -0.001004639 -0.002453909 -0.009800515 -0.797469324 -0.000517178 0.603279669
1413394885.305761 0.001414943 -0.002563908 -0.002029462 -0.009660853 -0.797555906 -0.000556296 0.603167419
1413394885.355761 0.001977185 -0.002445886 -0.001907725 -0.009683975 -0.797565474 -0.000539559 0.603154412
1413394885.405761 0.001329351 -0.004134261 -0.001116938 -0.009668833 -0.797530107 -0.000793222 0.603201138
1413394885.455760 0.001873216 -0.004221233 -0.001000017 -0.009627239 -0.797558847 -0.000769521 0.603163833
1413394885.505761 0.001798478 -0.006067017 -0.000191981 -0.009613032 -0.797659358 -0.000917953 0.603030924
1413394885.555760 0.002409462 -0.006267717 -0.000052845 -0.009587214 -0.797603121 -0.001064730 0.603105474
1413394885.605761 0.002399732 -0.009284495 0.000451068 -0.009584100 -0.797569821 -0.001374047 0.603148935
1413394885.655761 0.002962447 -0.009805814 0.000601759 -0.009616173 -0.797636508 -0.001279172 0.603060439
1413394885.705761 0.003300538 -0.012175385 0.001440593 -0.009587148 -0.797656987 -0.001610250 0.603033021
1413394885.755760 0.003787134 -0.012937614 0.001594357 -0.009653305 -0.797624222 -0.001696706 0.603075067
1413394885.805761 0.004038768 -0.013874267 0.001447410 -0.009699719 -0.797621558 -0.001650521 0.603077973
1413394885.855761 0.004598299 -0.014675718 0.001614252 -0.009636465 -0.797623583 -0.001731827 0.603076081
1413394885.905761 0.005890362 -0.018035672 0.001727186 -0.009897179 -0.797702845 -0.002259574 0.602965266
1413394885.955760 0.006487965 -0.019221628 0.001962664 -0.009499635 -0.797800752 -0.002043328 0.602842883
1413394886.005761 0.003517418 -0.016520329 0.000366410 -0.010605353 -0.797809454 -0.001870666 0.602813489
1413394886.055760 0.004155626 -0.017308765 0.000547137 -0.010299210 -0.797864589 -0.001867491 0.602745831
1413394886.105761 0.001575766 -0.013965639 -0.000095001 -0.010453746 -0.797998255 -0.001462443 0.602567311
1413394886.155761 0.002432899 -0.014334309 0.000150163 -0.010565283 -0.797976123 -0.001508360 0.602594562
1413394886.205761 0.003006537 -0.015861757 -0.000003527 -0.010497799 -0.798050982 -0.001646609 0.602496236
1413394886.255760 0.004047338 -0.016231058 0.000055617 -0.010510088 -0.798080824 -0.001684902 0.602456387
1413394886.305761 0.001798185 -0.013606129 0.000360389 -0.010352447 -0.798331845 -0.001487366 0.602126963
1413394886.355761 0.002706632 -0.013727369 0.000319510 -0.010363012 -0.798702946 -0.001504127 0.601634399
1413394886.405761 0.002607643 -0.013685808 0.002038797 -0.010316450 -0.799007137 -0.001500512 0.601231165
1413394886.455760 0.003401906 -0.014179835 0.002162118 -0.010323456 -0.798934821 -0.001404073 0.601327371
1413394886.505761 -0.000885483 -0.011903837 -0.001013571 -0.010485522 -0.799362254 -0.001086316 0.600756906
1413394886.555760 -0.000447354 -0.011948725 -0.001039215 -0.010280259 -0.799739747 -0.001269585 0.600257479
1413394886.605761 -0.000890029 -0.011397899 -0.001354091 -0.010533505 -0.800217417 -0.000785294 0.599616973
1413394886.655761 -0.001305518 -0.011514493 0.002244397 -0.010626262 -0.800749957 -0.000759757 0.598904009
1413394886.705761 -0.002645972 -0.010140348 0.001755516 -0.010219961 -0.800959449 -0.001065995 0.598630418
1413394886.755760 -0.002993750 -0.010630711 0.001717481 -0.010419917 -0.801675670 -0.000771580 0.597667927
1413394886.805761 -0.003060668 -0.009297767 0.002188641 -0.010254947 -0.801926117 -0.000642564 0.597334852
1413394886.855761 -0.003741083 -0.009711192 0.001843838 -0.010298126 -0.802818294 -0.000637909 0.596134488
1413394886.905761 -0.002658145 -0.010428730 0.002381799 -0.009888394 -0.803251478 -0.001574487 0.595555878
1413394886.955760 -0.001392236 -0.008054350 0.000990643 -0.010036013 -0.805282925 -0.000499190 0.592805567
1413394887.005761 -0.001448663 -0.007918478 0.001832014 -0.009866682 -0.804948646 -0.001039050 0.593261533
1413394887.055760 0.000226047 0.002030424 0.001868383 -0.009330330 -0.806958028 -0.001494629 0.590533193
1413394887.105761 -0.000247693 0.004542242 0.003209465 -0.008936015 -0.809055894 -0.003042825 0.587655893
1413394887.155761 0.000684685 0.005786232 0.006639689 -0.009027130 -0.810034052 -0.004626424 0.586295098
1413394887.205761 0.004266931 0.006422159 0.009206940 -0.009342447 -0.809175263 -0.006961980 0.587451823
1413394887.255760 0.005845068 0.007465542 0.014748559 -0.008916737 -0.809536372 -0.009617366 0.586923215
1413394887.305761 0.005973024 0.007172387 0.023424598 -0.008587878 -0.808566407 -0.012060938 0.588218622
1413394887.355761 0.007538188 0.007545434 0.031970853 -0.008342162 -0.809897785 -0.014452312 0.586333622
1413394887.405761 0.007937144 0.010799668 0.043495535 -0.008939541 -0.811734088 -0.015605328 0.583750228
1413394887.455760 0.004058736 0.005977086 0.061935340 -0.007926956 -0.811362793 -0.018578416 0.584193824
1413394887.505761 0.005295813 0.005430540 0.079669242 -0.008341397 -0.811503958 -0.019546836 0.583960331
1413394887.555760 0.010703046 -0.014781999 0.110300808 -0.009799083 -0.813252393 -0.021911781 0.581415856
1413394887.605761 0.034547745 0.005599663 0.088165941 -0.010288814 -0.813221754 -0.020978336 0.581484676
1413394887.655761 0.037612398 0.004312340 0.109362549 -0.010338751 -0.816531628 -0.022093605 0.576785128
1413394887.705761 0.032528053 0.000773065 0.129544200 -0.010111228 -0.819645083 -0.022031163 0.572358567
1413394887.755760 0.033210086 -0.002719442 0.148676230 -0.010969545 -0.822930279 -0.021428087 0.567632154
1413394887.805761 0.032861471 -0.006277973 0.165801615 -0.011582684 -0.825777170 -0.021115815 0.563482058
1413394887.855761 0.031286758 -0.010901095 0.181832809 -0.010121253 -0.828028657 -0.023136571 0.560116775
1413394887.905761 0.029397794 -0.015904592 0.193953523 -0.010976192 -0.830327313 -0.022621191 0.556708504
1413394887.955760 0.025580518 -0.021438738 0.203930248 -0.011197209 -0.831090676 -0.022367808 0.555574110
1413394888.005761 0.019823196 -0.027611720 0.213037943 -0.011741053 -0.830831545 -0.021606577 0.555980437
1413394888.055760 0.012436466 -0.034228841 0.222148505 -0.011306168 -0.828696125 -0.021660953 0.559165187
1413394888.105761 -0.001217378 -0.050263071 0.265990526 -0.011456246 -0.826246060 -0.021779642 0.562771579
1413394888.155761 -0.012587933 -0.058261730 0.278965161 -0.010755986 -0.822864675 -0.021390926 0.567732739
1413394888.205761 -0.047070371 -0.078780257 0.306464439 -0.008509269 -0.820503524 -0.022405347 0.571138827
1413394888.255760 -0.061470904 -0.089020296 0.321280635 -0.007968646 -0.818819766 -0.022041847 0.573572009
1413394888.305761 -0.076097555 -0.099518173 0.335900346 -0.006225059 -0.819196171 -0.023244422 0.573008359
1413394888.355761 -0.091576903 -0.111160862 0.351248206 -0.006098216 -0.819424168 -0.022304030 0.572721027
1413394888.405761 -0.107857990 -0.123540850 0.366950129 -0.005311852 -0.820623032 -0.022846900 0.570988304
1413394888.455760 -0.124660954 -0.136589969 0.382956149 -0.004821883 -0.821519594 -0.022317288 0.569722955
1413394888.505761 -0.142162495 -0.150253114 0.398481622 -0.005895183 -0.822787850 -0.020449629 0.567950009
1413394888.555760 -0.160487508 -0.164400886 0.411681504 -0.007567212 -0.823854196 -0.018048158 0.566463824
1413394888.605761 -0.185779423 -0.182425225 0.422936196 -0.008278593 -0.825071025 -0.016002281 0.564741706
1413394888.655761 -0.206123500 -0.197404551 0.427275384 -0.009366449 -0.824811046 -0.013935572 0.565159099
1413394888.705761 -0.228000432 -0.211240368 0.428299911 -0.009742204 -0.822695731 -0.012749427 0.568255467
1413394888.755760 -0.254468719 -0.224082320 0.429383559 -0.011983497 -0.820314806 -0.009052570 0.571715021
1413394888.805761 -0.277590531 -0.237092006 0.429733703 -0.014162554 -0.816421846 -0.005925706 0.577251832
1413394888.855761 -0.300981529 -0.251134545 0.430135255 -0.015689093 -0.813957608 -0.002832911 0.580705468
1413394888.905761 -0.324053603 -0.263256320 0.431575995 -0.017472016 -0.811400260 0.000343785 0.584229603
1413394888.955760 -0.347261360 -0.276070321 0.433409109 -0.019362115 -0.809612866 0.003430856 0.586634763
1413394889.005761 -0.369309478 -0.286462302 0.435943959 -0.019626470 -0.808563386 0.004807731 0.588062018
1413394889.055760 -0.355749059 -0.269356683 0.432542824 -0.021704175 -0.806276612 0.007113491 0.591097583
1413394889.105761 -0.378090575 -0.279900928 0.437077042 -0.022687563 -0.805835608 0.008673065 0.591640959
1413394889.155761 -0.397549082 -0.287516384 0.441372708 -0.021178499 -0.804842063 0.007427902 0.593064542
1413394889.205761 -0.418233048 -0.293532497 0.443794186 -0.019013396 -0.801864934 0.003571828 0.597192064
1413394889.255760 -0.445398878 -0.289654893 0.454086960 -0.017926491 -0.794240047 0.002420313 0.607334777
1413394889.305761 -0.462245424 -0.296066193 0.464841577 -0.016164899 -0.782764910 -0.000195821 0.622107509
1413394889.355761 -0.476478073 -0.300285930 0.475892446 -0.013794405 -0.767072372 -0.003029307 0.641405109
1413394889.405761 -0.487469403 -0.306364791 0.490691197 -0.013056889 -0.750615719 -0.003817551 0.660598960
1413394889.455760 -0.492439082 -0.310185721 0.503072300 -0.011283974 -0.735363581 -0.006311106 0.677549441
1413394889.505761 -0.492979916 -0.314469611 0.515117361 -0.010167725 -0.727953240 -0.007715589 0.685507963
1413394889.555760 -0.486028419 -0.318224581 0.524456498 -0.008715518 -0.732636000 -0.010609334 0.680482162
1413394889.605761 -0.474527799 -0.323088181 0.533866847 -0.009368342 -0.747771729 -0.010324636 0.663809519
1413394889.655761 -0.456428974 -0.327276632 0.541989505 -0.009956000 -0.767143123 -0.011058657 0.641303371
1413394889.705761 -0.444721044 -0.328167025 0.555753978 -0.010875315 -0.788166432 -0.011045583 0.615266933
1413394889.755760 -0.420905730 -0.332520783 0.564670501 -0.011510623 -0.809126710 -0.011837907 0.587402193
1413394889.805761 -0.396769269 -0.337326698 0.574268172 -0.013125596 -0.827210948 -0.010617586 0.561637813
1413394889.855761 -0.373906801 -0.341952791 0.584601065 -0.014680741 -0.842092207 -0.010004240 0.539040913
1413394889.905761 -0.353788267 -0.347528280 0.595105769 -0.016734555 -0.854735273 -0.009103742 0.518714458
1413394889.955760 -0.337312803 -0.351967234 0.604217074 -0.019061768 -0.864736004 -0.007083733 0.501814820
1413394890.005761 -0.325286453 -0.355893297 0.610933705 -0.019994643 -0.873577521 -0.007545081 0.486215590
1413394890.055760 -0.318546617 -0.359549849 0.615212995 -0.021125708 -0.880792651 -0.006833151 0.472981310
1413394890.105761 -0.317972562 -0.366092381 0.617739871 -0.024345985 -0.884991856 -0.004320077 0.464949486
1413394890.155761 -0.323404979 -0.368850977 0.620079303 -0.027527307 -0.882921669 -0.001430162 0.468710495
1413394890.205761 -0.337153701 -0.369793516 0.620768309 -0.029147780 -0.874181792 -0.000104850 0.484723209
1413394890.255760 -0.353976911 -0.372111390 0.620952225 -0.033616232 -0.861792752 0.004643074 0.506124139
1413394890.305761 -0.378251402 -0.370847872 0.620111294 -0.037104563 -0.847029682 0.008880747 0.530174596
1413394890.355761 -0.406075143 -0.369099149 0.618191645 -0.040421144 -0.830057318 0.012660813 0.556067158
1413394890.405761 -0.435071221 -0.366264890 0.615184721 -0.043263517 -0.812182436 0.016759320 0.581555744
1413394890.455760 -0.464263917 -0.361399163 0.611212323 -0.043382812 -0.794745845 0.018517955 0.605106651
1413394890.505761 -0.491222599 -0.354068142 0.606000699 -0.043076510 -0.776624076 0.019429832 0.628189415
1413394890.555760 -0.499902674 -0.339018965 0.592047168 -0.041402006 -0.760151532 0.017787449 0.648181401
1413394890.605761 -0.518754481 -0.328853563 0.587305957 -0.037793805 -0.747615399 0.015763784 0.662868272
1413394890.655761 -0.589757239 -0.372128805 0.581148270 -0.031524540 -0.738807184 0.009355881 0.673114118
1413394890.705761 -0.585338125 -0.372250048 0.549429363 -0.027743625 -0.731203360 0.005412272 0.681573654
1413394890.755760 -0.587263266 -0.361043805 0.544783122 -0.023122418 -0.730871571 0.001615851 0.682121316
1413394890.805761 -0.590974036 -0.342533250 0.536409818 -0.018687905 -0.741262230 -0.003320539 0.670947124
1413394890.855761 -0.580918548 -0.330073570 0.529609868 -0.017208771 -0.758072275 -0.003754695 0.651932655
1413394890.905761 -0.566510464 -0.317202781 0.522711594 -0.015972158 -0.778424465 -0.004234712 0.627520765
1413394890.955760 -0.559137713 -0.300364912 0.510543782 -0.014553335 -0.800067466 -0.005308343 0.599709989
1413394891.005761 -0.540667507 -0.287681740 0.504291603 -0.013452198 -0.820980795 -0.007040123 0.570753895
1413394891.055760 -0.522797690 -0.275065631 0.498933793 -0.013238122 -0.838322549 -0.007241513 0.544965703
1413394891.105761 -0.507256559 -0.262441289 0.494801599 -0.012130283 -0.852186182 -0.008893524 0.523022439
1413394891.155761 -0.495349679 -0.249883530 0.491337804 -0.012886530 -0.862661100 -0.008469908 0.505547252
1413394891.205761 -0.488354509 -0.236581491 0.487769543 -0.012786872 -0.870408434 -0.008919044 0.492083433
1413394891.255760 -0.487043860 -0.224102335 0.485231929 -0.011766614 -0.875755533 -0.010389836 0.482499581
1413394891.305761 -0.492311521 -0.212982756 0.484041277 -0.011594318 -0.878047058 -0.010831070 0.478311220
1413394891.355761 -0.504008248 -0.200843021 0.484166430 -0.009861345 -0.877265700 -0.012765887 0.479733966
1413394891.405761 -0.524068112 -0.188434604 0.486367175 -0.007147015 -0.871092057 -0.016166373 0.490801586
1413394891.455760 -0.548117157 -0.177197530 0.490021186 -0.006367619 -0.862521629 -0.016664416 0.505705635
1413394891.505761 -0.577663579 -0.166087664 0.494693132 -0.004419913 -0.852391545 -0.018522508 0.522557208
1413394891.555760 -0.609826051 -0.156148341 0.499461323 -0.003991920 -0.841800416 -0.018756802 0.539448151
1413394891.605761 -0.646213981 -0.146346638 0.504461228 -0.001048871 -0.832649797 -0.021417444 0.553384593
1413394891.655761 -0.682226693 -0.138084753 0.508707015 0.000566523 -0.825481393 -0.022188118 0.563992763
1413394891.705761 -0.724688361 -0.127720946 0.513210193 0.002055943 -0.819952185 -0.023412483 0.571949336
1413394891.755760 -0.761898685 -0.121061976 0.517417083 0.002978280 -0.816325845 -0.023502790 0.577105591
1413394891.805761 -0.804800028 -0.103669172 0.518152418 0.003917141 -0.814259434 -0.023082872 0.580028802
1413394891.855761 -0.841841304 -0.098782292 0.527990903 0.005524519 -0.808556811 -0.024269542 0.587891446
1413394891.905761 -0.883518247 -0.093590044 0.542004127 0.007490821 -0.800389443 -0.025002453 0.598911934
1413394891.955760 -0.931302313 -0.083965130 0.533044560 0.008879090 -0.791445463 -0.025199468 0.610655572
1413394892.005761 -0.970011996 -0.078168233 0.544322495 0.010528461 -0.783441456 -0.025697163 0.620844821
1413394892.055760 -1.012360087 -0.092808668 0.565536854 0.013362503 -0.776680880 -0.024342012 0.629281908
1413394892.105761 -1.041266056 -0.096020969 0.582481759 0.017207884 -0.771162568 -0.021591857 0.636039287
1413394892.155761 -1.066448105 -0.101326914 0.599136042 0.023544130 -0.768138879 -0.017913335 0.639599444
1413394892.205761 -1.090100480 -0.107868897 0.616206190 0.031884589 -0.767013656 -0.012496881 0.640716203
1413394892.255760 -1.108767960 -0.116797000 0.632283811 0.041305004 -0.766119901 -0.005654512 0.641344073
1413394892.305761 -1.128707813 -0.126512937 0.647177731 0.050916187 -0.765607028 0.002980409 0.641283508
1413394892.355761 -1.140930507 -0.137938408 0.656655995 0.062266423 -0.765962646 0.011496024 0.639759297
1413394892.405761 -1.153864444 -0.149929121 0.662804993 0.073302416 -0.765269663 0.021630410 0.639156651
1413394892.455760 -1.159934771 -0.163043978 0.663891499 0.085014098 -0.764746158 0.033021166 0.637844432
1413394892.505761 -1.165291230 -0.177169394 0.663137637 0.098232723 -0.764278733 0.044009667 0.635839209
1413394892.555760 -1.164266209 -0.192024654 0.661232872 0.111856838 -0.764846410 0.055796461 0.631968964
1413394892.605761 -1.159550641 -0.207706221 0.659480569 0.126509227 -0.767278108 0.068512128 0.624968646
1413394892.655761 -1.151640616 -0.223958577 0.658758285 0.141818359 -0.769689322 0.081297435 0.617135826
1413394892.705761 -1.145557615 -0.245932256 0.660491663 0.157901856 -0.771927289 0.094750573 0.608455087
1413394892.755760 -1.132907336 -0.263531138 0.662721281 0.175157500 -0.774314697 0.107597551 0.598480883
1413394892.805761 -1.133293781 -0.277114895 0.668486566 0.191902354 -0.774331496 0.121623542 0.590586094
1413394892.855761 -1.117710009 -0.295080432 0.673454500 0.208907846 -0.773556727 0.134591868 0.582968722
1413394892.905761 -1.100587409 -0.312905992 0.678464068 0.225889636 -0.773617362 0.145950462 0.573749520
1413394892.955760 -1.082634522 -0.330897815 0.683424474 0.242414961 -0.774748724 0.156049383 0.562714841
1413394893.005761 -1.061721971 -0.359410108 0.689819646 0.259082265 -0.774511737 0.164101106 0.553243867
1413394893.055760 -1.041976555 -0.381053312 0.692941497 0.275613169 -0.772601895 0.171517670 0.545623846
1413394893.105761 -1.034458509 -0.399220938 0.702112325 0.292341047 -0.768987287 0.177013017 0.540242220
1413394893.155761 -1.016632644 -0.420898955 0.709533732 0.309731855 -0.764365128 0.181595238 0.535570069
1413394893.205761 -1.018666099 -0.449426191 0.719348593 0.323852154 -0.760110023 0.189969845 0.530343279
1413394893.255760 -1.001928575 -0.473965875 0.727150673 0.336864046 -0.755476657 0.196323203 0.526530943
1413394893.305761 -0.985419942 -0.500014869 0.735898936 0.345852803 -0.749183071 0.205030123 0.526377444
1413394893.355761 -0.969480834 -0.527165869 0.745296526 0.353428016 -0.742491169 0.211880570 0.528111850
1413394893.405761 -0.985005047 -0.567740503 0.758229196 0.360949676 -0.734011544 0.214684151 0.533716310
1413394893.455760 -0.969453989 -0.597555520 0.767718763 0.368890829 -0.726867862 0.214064703 0.538292644
1413394893.505761 -0.979086101 -0.636983282 0.777928498 0.374947955 -0.719638918 0.215514239 0.543219543
1413394893.555760 -0.979707080 -0.678959733 0.790695947 0.380820854 -0.714363744 0.213963843 0.546698630
1413394893.605761 -0.985345270 -0.724808049 0.801660075 0.385440359 -0.708641322 0.211593810 0.551807273
1413394893.655761 -0.966181941 -0.759400419 0.802515786 0.389939104 -0.703777318 0.206312035 0.556848567
1413394893.705761 -0.947232858 -0.794685746 0.801916576 0.393834058 -0.696670843 0.199766759 0.565365115
1413394893.755760 -0.922869054 -0.832017944 0.799827350 0.394673817 -0.692882061 0.195477345 0.570907729
1413394893.805761 -0.899057549 -0.864734811 0.795252502 0.394200736 -0.689337629 0.191873742 0.576718198
1413394893.855761 -0.871637984 -0.905265856 0.793141904 0.390817687 -0.689726106 0.191393871 0.578712208
1413394893.905761 -0.848673704 -0.921269003 0.801049591 0.388225777 -0.690221603 0.192648396 0.579449290
1413394893.955760 -0.809760558 -0.963774354 0.796571957 0.385264712 -0.690194928 0.197423096 0.579850140
1413394894.005761 -0.770167090 -1.000863227 0.791128781 0.383858637 -0.688940397 0.203901874 0.580032502
1413394894.055760 -0.721666582 -1.040911049 0.785436634 0.383964977 -0.685691468 0.211621452 0.581046012
1413394894.105761 -0.675352866 -1.082597996 0.776586881 0.385239638 -0.683649652 0.221353058 0.578978754
1413394894.155761 -0.620779013 -1.127044962 0.768395600 0.386210840 -0.682441154 0.234987564 0.574365826
1413394894.205761 -0.567648505 -1.161510279 0.758644357 0.386206227 -0.683019024 0.253578258 0.565710022
1413394894.255760 -0.507145767 -1.204354730 0.748795353 0.387771073 -0.683035196 0.272450117 0.555758446
1413394894.305761 -0.444794222 -1.246273121 0.738176980 0.393013491 -0.683499157 0.286959708 0.544080347
1413394894.355761 -0.381321052 -1.283170079 0.728477546 0.399081968 -0.681417347 0.300719346 0.534763366
1413394894.405761 -0.312940004 -1.303433642 0.723913566 0.406357632 -0.679379969 0.313032912 0.524715854
1413394894.455760 -0.253391714 -1.339110467 0.709092056 0.415434234 -0.677659080 0.322404561 0.514050453
1413394894.505761 -0.192217688 -1.374155635 0.692942830 0.426239657 -0.674527714 0.328558899 0.505352518
1413394894.555760 -0.158744450 -1.424395593 0.657103041 0.437494663 -0.670362268 0.333998511 0.497652333
1413394894.605761 -0.095907761 -1.455346327 0.641115798 0.446482641 -0.666939010 0.341159144 0.489342463
1413394894.655761 -0.031717965 -1.476007574 0.631939292 0.455320603 -0.661333487 0.347724258 0.484158041
1413394894.705761 0.051115580 -1.482613426 0.621143244 0.463737858 -0.653656331 0.351841850 0.483619594
1413394894.755760 0.112305643 -1.507788239 0.604511106 0.473226284 -0.646577197 0.352073948 0.483775513
1413394894.805761 0.173793274 -1.535719090 0.586012039 0.480091520 -0.642768275 0.353964521 0.480697613
1413394894.855761 0.233678606 -1.557111312 0.570694705 0.487275858 -0.638951353 0.354016659 0.478513961
1413394894.905761 0.239981486 -1.598885029 0.519877831 0.491869821 -0.638905672 0.355717676 0.472576508
1413394894.955760 0.297693730 -1.618148606 0.503038565 0.494154561 -0.639770496 0.358299494 0.467040100
1413394895.005761 0.361153557 -1.641220470 0.485103899 0.493225529 -0.643387988 0.363088044 0.459290263
1413394895.055760 0.425553652 -1.631171599 0.464658222 0.492680496 -0.645674294 0.366354426 0.454043026
1413394895.105761 0.489714772 -1.648959596 0.453566283 0.493265675 -0.647791666 0.366631424 0.450151453
1413394895.155761 0.546331323 -1.667886079 0.440198802 0.492938806 -0.650818557 0.366317648 0.446383153
1413394895.205761 0.602322699 -1.666422711 0.425407292 0.491479940 -0.652812008 0.366344042 0.445057293
1413394895.255760 0.656408208 -1.682503189 0.416166695 0.489446922 -0.653410716 0.366317662 0.446438705
1413394895.305761 0.708641442 -1.698357656 0.408166945 0.488540994 -0.653903872 0.363648621 0.448884289
1413394895.355761 0.759882533 -1.714081939 0.400555038 0.492147675 -0.650260855 0.354716236 0.457305018
1413394895.405761 0.807411888 -1.725740020 0.396731087 0.495561702 -0.646381973 0.345193863 0.466315496
1413394895.455760 0.857193558 -1.741586900 0.394007889 0.498384864 -0.643345157 0.336727237 0.473639424
1413394895.505761 0.900013494 -1.748472795 0.392777560 0.499870572 -0.642873682 0.329883390 0.477514178
1413394895.555760 0.950781653 -1.763218428 0.395432030 0.501496186 -0.643249275 0.322881960 0.480082478
1413394895.605761 1.001183087 -1.773680208 0.403200294 0.499041901 -0.645158648 0.322402822 0.480399751
1413394895.655761 1.054319665 -1.788882628 0.412774921 0.495989049 -0.648257861 0.323616186 0.478569924
1413394895.705761 1.108551411 -1.804771916 0.426125168 0.492567115 -0.652833419 0.326565861 0.473857471
1413394895.755760 1.163681250 -1.820479850 0.442661305 0.489975106 -0.656274627 0.328961675 0.470119374
1413394895.805761 1.213057772 -1.829409894 0.467456344 0.487172241 -0.658619171 0.332199605 0.467469162
1413394895.855761 1.266440982 -1.845118432 0.485166877 0.485222290 -0.659641562 0.334717441 0.466258055
1413394895.905761 1.318160344 -1.858097532 0.502903198 0.484266727 -0.659988899 0.336648871 0.465368594
1413394895.955760 1.370848578 -1.874440647 0.513454332 0.484041443 -0.659364892 0.338129733 0.465413906
1413394896.005761 1.411741090 -1.863126332 0.520140769 0.483891378 -0.658576577 0.339516891 0.465676183
1413394896.055760 1.463672674 -1.879372961 0.525695901 0.484332078 -0.658248880 0.340373350 0.465055732
1413394896.105761 1.515305105 -1.895717221 0.527917143 0.484726116 -0.657571856 0.341732649 0.464605901
1413394896.155761 1.565974136 -1.912338290 0.527263796 0.485641190 -0.657241245 0.341605564 0.464211395
1413394896.205761 1.612358806 -1.925673665 0.528842747 0.485849908 -0.657480939 0.342496511 0.462995488
1413394896.255760 1.661619157 -1.942466337 0.523044510 0.482318154 -0.660154434 0.349221342 0.457831602
1413394896.305761 1.705159842 -1.953868259 0.523035541 0.476085475 -0.664455132 0.358968444 0.450537073
1413394896.355761 1.749694672 -1.973368890 0.526293711 0.468842145 -0.670046842 0.369128564 0.441552234
1413394896.405761 1.792014190 -1.988036435 0.521769879 0.463424370 -0.674372297 0.377453731 0.433576452
1413394896.455760 1.832842231 -2.006023963 0.514621257 0.457497915 -0.678531451 0.385647214 0.426106740
1413394896.505761 1.869577657 -2.022917074 0.505330942 0.452435141 -0.682392561 0.392397340 0.419126668
1413394896.555760 1.902406355 -2.039589915 0.493664248 0.445608255 -0.686823532 0.401012543 0.410969171
1413394896.605761 1.931468111 -2.051609480 0.484800427 0.438887473 -0.690972133 0.408915195 0.403390208
1413394896.655761 1.954537620 -2.066812434 0.469089382 0.430793539 -0.695363991 0.418014730 0.395157604
1413394896.705761 1.972964759 -2.089647608 0.448275782 0.422733023 -0.698191009 0.427494218 0.388683420
1413394896.755760 1.983874091 -2.100768156 0.428640255 0.414952002 -0.702340833 0.435231110 0.380927908
1413394896.805761 1.991350250 -2.112306278 0.410112867 0.407441830 -0.705164821 0.443477161 0.374248230
1413394896.855761 1.993159116 -2.134413534 0.391331077 0.400399846 -0.706217309 0.449359399 0.372844749
1413394896.905761 1.984023413 -2.140606002 0.371054627 0.395361504 -0.705556275 0.453013344 0.375044710
1413394896.955760 1.962802405 -2.143680157 0.351428319 0.391652959 -0.705769622 0.456972093 0.373729456
1413394897.005761 1.932881741 -2.151308310 0.341724989 0.388357868 -0.706932827 0.459991850 0.371256843
1413394897.055760 1.894762335 -2.153281373 0.326890763 0.385674331 -0.708590670 0.461829648 0.368602699
1413394897.105761 1.846749911 -2.149037479 0.313356121 0.387296632 -0.709238917 0.459405919 0.368683711
1413394897.155761 1.787689509 -2.140816111 0.300775988 0.390123569 -0.707894682 0.456268283 0.372166594
1413394897.205761 1.718458839 -2.131910831 0.295870601 0.394241333 -0.706726261 0.450939956 0.376516827
1413394897.255760 1.641485379 -2.119553972 0.287138881 0.404251237 -0.703232874 0.439520946 0.385831311
1413394897.305761 1.556059078 -2.104586883 0.285418557 0.420769791 -0.694985000 0.420865451 0.403510724
1413394897.355761 1.466150949 -2.088662337 0.280571634 0.436621745 -0.685399101 0.401460538 0.422396686
1413394897.405761 1.372685896 -2.071677308 0.276854254 0.449051895 -0.676226696 0.385791359 0.438445982
1413394897.455760 1.271712963 -2.047551737 0.290359328 0.459520534 -0.667585310 0.373863255 0.450995564
1413394897.505761 1.197059277 -2.060386541 0.302530311 0.467455093 -0.661692894 0.363721439 0.459733581
1413394897.555760 1.100473463 -2.043706698 0.301809210 0.473000990 -0.657924987 0.356889771 0.464795080
1413394897.605761 1.000939704 -2.026158567 0.311736422 0.476906007 -0.655268442 0.352401467 0.467971297
1413394897.655761 0.905172005 -2.011387350 0.317634444 0.478717694 -0.652348531 0.350747220 0.471430961
1413394897.705761 0.810061197 -1.994077310 0.320535407 0.478498703 -0.649346444 0.351905075 0.474922105
1413394897.755760 0.710262029 -1.965630117 0.328189499 0.479045727 -0.646797054 0.352833152 0.477155665
1413394897.805761 0.616643837 -1.946320018 0.334429138 0.478824533 -0.643043159 0.354335186 0.481320204
1413394897.855761 0.525290811 -1.918617964 0.345781640 0.478165797 -0.640733697 0.356967258 0.483106796
1413394897.905761 0.428487996 -1.882847182 0.355272438 0.478228976 -0.637522828 0.358278198 0.486311036
1413394897.955760 0.339470033 -1.858609565 0.365732775 0.477215304 -0.634701702 0.360145692 0.489606356
1413394898.005761 0.252665378 -1.835816846 0.375350633 0.478261387 -0.634039965 0.359305320 0.490060257
1413394898.055760 0.168432403 -1.807618974 0.389825043 0.480280764 -0.634502587 0.356831492 0.489293513
1413394898.105761 0.083432240 -1.781099115 0.399106732 0.482461217 -0.633959976 0.354726766 0.489382104
1413394898.155761 0.002530297 -1.755183295 0.410351204 0.486908949 -0.632612832 0.350201861 0.489978915
1413394898.205761 -0.073913588 -1.733755650 0.424832871 0.489862462 -0.631149140 0.347213955 0.491047860
1413394898.255760 -0.151289779 -1.702293820 0.441953975 0.495185992 -0.626675317 0.341385857 0.495504366
1413394898.305761 -0.224425928 -1.675579348 0.456889461 0.501597171 -0.620908249 0.335335792 0.500422953
1413394898.355761 -0.293332909 -1.649531228 0.471120760 0.509224966 -0.614618067 0.329859120 0.504110629
1413394898.405761 -0.358264144 -1.624373736 0.485513469 0.518476220 -0.607322796 0.324209983 0.507177797
1413394898.455760 -0.418544204 -1.598880809 0.499369089 0.527945582 -0.600887099 0.321796422 0.506611507
1413394898.505761 -0.474015062 -1.573857206 0.513653757 0.538417975 -0.593761470 0.320928641 0.504537617
1413394898.555760 -0.523545747 -1.549752854 0.528175939 0.549836876 -0.587019176 0.320898855 0.500111809
1413394898.605761 -0.568503267 -1.525730695 0.543100786 0.560625630 -0.579637490 0.320925216 0.496715502
1413394898.655761 -0.607795321 -1.503013428 0.558659185 0.569698588 -0.573727471 0.321383376 0.492943236
1413394898.705761 -0.642666589 -1.482710249 0.574112198 0.577676538 -0.571100005 0.321942711 0.486299797
1413394898.755760 -0.671982086 -1.461577674 0.589505258 0.583686105 -0.571639183 0.323720786 0.477225344
1413394898.805761 -0.696472126 -1.439518143 0.604601770 0.589943390 -0.571450884 0.322531512 0.470514725
1413394898.855761 -0.715164372 -1.420556210 0.621849996 0.595498951 -0.569297379 0.321196671 0.467026972
1413394898.905761 -0.730038553 -1.401093094 0.638511233 0.602693682 -0.564690360 0.314796882 0.467747845
1413394898.955760 -0.740803523 -1.385164788 0.656314336 0.608103962 -0.560781930 0.310074467 0.468601134
1413394899.005761 -0.744537853 -1.368786704 0.673437675 0.612870982 -0.558605908 0.304198869 0.468840748
1413394899.055760 -0.743145574 -1.358763883 0.688625837 0.614969781 -0.560029722 0.302058072 0.465767968
1413394899.105761 -0.737430635 -1.348447670 0.700467165 0.616509599 -0.564695240 0.300256179 0.459218278
1413394899.155761 -0.725985313 -1.343323939 0.710043784 0.617066448 -0.569605840 0.299315844 0.452977054
1413394899.205761 -0.709660902 -1.336855973 0.716189346 0.617816890 -0.571810440 0.298616561 0.449625691
1413394899.255760 -0.688800435 -1.337676454 0.720851104 0.619575304 -0.570824126 0.296336093 0.449967977
1413394899.305761 -0.664070961 -1.333029067 0.722109405 0.618653393 -0.570797370 0.298532335 0.449818615
1413394899.355761 -0.633798224 -1.338896782 0.722431877 0.615812266 -0.572215325 0.303644669 0.448491683
1413394899.405761 -0.602088801 -1.341965138 0.719583839 0.609530814 -0.576971475 0.315287111 0.442910987
1413394899.455760 -0.563282764 -1.352604349 0.714284383 0.602823890 -0.582775906 0.329731063 0.433881352
1413394899.505761 -0.529332700 -1.355914702 0.709019961 0.598875924 -0.585710332 0.343112629 0.424929121
1413394899.555760 -0.487611242 -1.365715590 0.698874455 0.598320966 -0.585184961 0.354537160 0.416981996
1413394899.605761 -0.444092548 -1.375682204 0.687678369 0.601133837 -0.581731905 0.363468757 0.410020198
1413394899.655761 -0.396420753 -1.394738418 0.677496752 0.606934845 -0.575212366 0.370958233 0.403919321
1413394899.705761 -0.346505116 -1.397880579 0.664419371 0.614461189 -0.567833311 0.377519211 0.396840048
1413394899.755760 -0.295439712 -1.420658657 0.656464736 0.623028948 -0.558389525 0.384316224 0.390303867
1413394899.805761 -0.242544678 -1.446012705 0.649610306 0.631524949 -0.546985319 0.393127149 0.383971801
1413394899.855761 -0.188482568 -1.472366326 0.643956883 0.639145561 -0.533702768 0.402859077 0.379945879
1413394899.905761 -0.130105969 -1.496593539 0.637772841 0.646276413 -0.520656185 0.413877231 0.374098346
1413394899.955760 -0.059764561 -1.516871072 0.636139434 0.650550263 -0.509080314 0.427973221 0.366688575
1413394900.005761 -0.014116745 -1.531796153 0.636740721 0.654678723 -0.498321141 0.441197628 0.358352429
1413394900.055760 0.044705602 -1.561547754 0.641013444 0.658733581 -0.486635898 0.454576913 0.350164821
1413394900.105761 0.101855138 -1.591887415 0.648470231 0.663023358 -0.473644637 0.466553279 0.344076768
1413394900.155761 0.159706105 -1.621402113 0.658302554 0.665595617 -0.461491443 0.480032657 0.337011529
1413394900.205761 0.217930109 -1.649778341 0.668679897 0.668364873 -0.450599306 0.491613126 0.329492331
1413394900.255760 0.298611038 -1.706034541 0.674239582 0.671396668 -0.441966890 0.499489924 0.323112360
1413394900.305761 0.357469095 -1.728086159 0.679058639 0.676011385 -0.428267967 0.507418902 0.319564100
1413394900.355761 0.416586784 -1.753788850 0.682489985 0.679773498 -0.416160026 0.514347510 0.316489278
1413394900.405761 0.472172584 -1.780562155 0.684635700 0.684832440 -0.401783758 0.519488627 0.315762422
1413394900.455760 0.527301038 -1.806342859 0.684446472 0.693166685 -0.387276838 0.519578350 0.315554964
1413394900.505761 0.581073036 -1.831197576 0.682706404 0.702813196 -0.372184647 0.517220598 0.316251565
1413394900.555760 0.635985624 -1.853581561 0.679269374 0.711553190 -0.357724473 0.514973931 0.317060102
1413394900.605761 0.691315279 -1.874112284 0.674386973 0.720101817 -0.343008680 0.511881432 0.319023224
1413394900.655761 0.747561454 -1.892287902 0.668685086 0.726790420 -0.327052525 0.511290211 0.321550387
1413394900.705761 0.803470354 -1.907841716 0.663036624 0.732802645 -0.312680596 0.511293787 0.322195269
1413394900.755760 0.862677340 -1.919944018 0.659890591 0.737931231 -0.298390627 0.513317701 0.320819997
1413394900.805761 0.921124640 -1.926869206 0.658901034 0.744969073 -0.285368335 0.513476900 0.316113060
1413394900.855761 0.984949468 -1.929738693 0.661846163 0.749930852 -0.274448574 0.517103207 0.308035664
1413394900.905761 1.040620348 -1.908338576 0.666606626 0.755050996 -0.262921567 0.521074362 0.298750318
1413394900.955760 1.109928717 -1.910366137 0.677897275 0.759096502 -0.249695531 0.526339993 0.290501041
1413394901.005761 1.192700755 -1.903534552 0.691043841 0.763307871 -0.236630635 0.530787490 0.282190853
1413394901.055760 1.268530081 -1.887129592 0.707385358 0.766879532 -0.223141394 0.536488090 0.272551336
1413394901.105761 1.341038129 -1.874761805 0.727443486 0.768950599 -0.208871477 0.544873655 0.261152028
1413394901.155761 1.418820240 -1.846163390 0.742594578 0.769827539 -0.196089314 0.554532721 0.247806379
1413394901.205761 1.497362162 -1.817143469 0.759018633 0.768750652 -0.187194925 0.566404657 0.230578099
1413394901.255760 1.574002985 -1.784208798 0.771155766 0.767334043 -0.180799661 0.578261799 0.210055328
1413394901.305761 1.643233321 -1.744707615 0.783824413 0.765129989 -0.174432007 0.590120089 0.189493680
1413394901.355761 1.714907198 -1.711047738 0.793529022 0.763005501 -0.170596275 0.600835540 0.166481741
1413394901.405761 1.785084634 -1.673039642 0.800784001 0.758923778 -0.166210560 0.612726697 0.144826595
1413394901.455760 1.852147828 -1.632068909 0.805789035 0.753959079 -0.159871819 0.624421466 0.126824849
1413394901.505761 1.914695628 -1.587564702 0.807697253 0.750217901 -0.153113507 0.633478149 0.111511386
1413394901.555760 1.977311563 -1.547706156 0.806571382 0.750067107 -0.145600959 0.637602067 0.098302082
1413394901.605761 2.033764058 -1.495456750 0.803425197 0.754511465 -0.135908641 0.636148514 0.086927321
1413394901.655761 2.088247977 -1.455142348 0.796445392 0.762057497 -0.123419673 0.630604244 0.079838860
1413394901.705761 2.093793172 -1.370088710 0.793804102 0.769066042 -0.108855831 0.625499708 0.073742429
1413394901.755760 2.141898001 -1.325749868 0.784141882 0.775771026 -0.090720495 0.620421672 0.070894683
1413394901.805761 2.183019484 -1.281959005 0.776694755 0.780935809 -0.070774869 0.616837841 0.068126776
1413394901.855761 2.223623622 -1.236975987 0.770387359 0.783951788 -0.048969828 0.615514421 0.064525557
1413394901.905761 2.258935462 -1.193653646 0.766973596 0.784387625 -0.027182284 0.616796335 0.059661193
1413394901.955760 2.295472603 -1.145583272 0.767653937 0.784710711 -0.006412178 0.617605803 0.052450519
1413394902.005761 2.322367952 -1.100422001 0.780578145 0.784979707 0.012147912 0.617889804 0.043260583
1413394902.055760 2.356815009 -1.052103037 0.786210735 0.785165846 0.028294378 0.617812618 0.031962337
1413394902.105761 2.376366539 -1.002013036 0.790996758 0.784610996 0.044415839 0.618012213 0.021765163
1413394902.155761 2.400078062 -0.950248888 0.794230615 0.784012066 0.058643212 0.617867144 0.011235963
1413394902.205761 2.411596232 -0.887112265 0.791273371 0.781424393 0.071985618 0.619832936 -0.001058713
1413394902.255760 2.424096960 -0.834404897 0.797797842 0.778199661 0.084974556 0.622116657 -0.012469063
1413394902.305761 2.435242010 -0.781690518 0.797753860 0.773121454 0.097479019 0.626314094 -0.022621100
1413394902.355761 2.449096043 -0.723139813 0.795562189 0.766996145 0.109639095 0.631440647 -0.031287240
1413394902.405761 2.453236465 -0.668546485 0.791918548 0.760306051 0.120345306 0.637065031 -0.039998289
1413394902.455760 2.459419002 -0.608709314 0.787031502 0.756779286 0.126757460 0.638972081 -0.054151077
1413394902.505761 2.461327478 -0.549327819 0.782037382 0.756343465 0.127758820 0.637365706 -0.073397576
1413394902.555760 2.458879457 -0.489887925 0.778119916 0.755701109 0.125830246 0.635897772 -0.093362769
1413394902.605761 2.452651023 -0.433217657 0.774362884 0.757538330 0.121102397 0.631196620 -0.114283481
1413394902.655761 2.439799192 -0.380967261 0.760170121 0.760340318 0.115684371 0.625163166 -0.132931344
1413394902.705761 2.428605343 -0.327514044 0.756242610 0.764827437 0.109191970 0.616984408 -0.149821045
1413394902.755760 2.415311766 -0.279489557 0.753984474 0.769148963 0.102702874 0.608997834 -0.164266949
1413394902.805761 2.400566212 -0.236274890 0.751706540 0.773290934 0.099333391 0.602083763 -0.172189290
1413394902.855761 2.385208375 -0.198103641 0.750571805 0.778021342 0.097877858 0.595400999 -0.174929609
1413394902.905761 2.371371169 -0.164790480 0.748198313 0.783151234 0.099534510 0.589512110 -0.171004381
1413394902.955760 2.355317115 -0.135972468 0.745286368 0.787288737 0.101202176 0.585048242 -0.166292269
